19
1,25,20,35,64,31,25,50,10,6,0,1
2,30,12,40,62,35,55,50,10,6,0,2
3,25,20,35,64,31,85,50,10,6,0,1
4,30,12,40,62,35,115,50,10,6,0,2
5,25,20,35,64,31,145,50,10,6,0,1
6,30,12,40,62,35,175,50,10,6,0,2
7,25,20,35,64,31,85,50,10,6,0,1
8,25,20,35,64,31,95,50,10,6,0,1
9,25,20,35,64,31,105,50,10,6,0,1
10,25,20,35,64,31,115,50,10,6,0,1
11,25,20,35,64,31,125,50,10,6,0,1
12,25,20,35,64,31,135,50,10,6,0,1
13,25,20,35,64,31,145,50,10,6,0,1
14,25,20,35,64,31,190,50,10,6,0,1
15,25,20,35,64,31,195,50,10,6,0,1
16,25,20,35,64,31,200,50,10,6,0,1
17,25,20,35,64,31,205,50,10,6,0,1
18,25,20,35,64,31,210,50,10,6,0,1
19,25,20,35,64,31,215,50,10,6,0,1
"Sprites"
"\Sprites\zombieSpr.gif"
"\Sprites\ZombieMsk.gif"
1
"\Sprites\BloodyzombieSpr.gif"
"\Sprites\BloodyZombieMsk.gif"
2
"End"
"End"
0
"Coordinates"
"\Sprites\zombieSpr.txt"
"\Sprites\bloodyZombieSpr.txt"
"End"