"F",1,1,48
2,15
2,19
2,21
2,23
2,25
2,27
2,29
2,31
2,33
2,35
2,37
2,39
2,41
2,43
2,45
2,47
4,9
4,11
4,49
6,51
8,51
10,7
12,7
14,5
16,5
16,49
18,7
18,11
18,13
18,29
18,31
18,33
18,49
20,15
20,17
20,19
20,29
20,37
20,39
20,41
20,43
20,51
22,23
22,25
22,31
22,49
22,51
24,51
"F",2,49,104
2,17
4,15
6,13
6,19
8,11
8,19
10,11
10,19
14,11
14,19
16,11
16,19
18,11
20,11
20,21
22,9
22,23
22,25
24,9
24,27
24,31
24,37
26,11
26,29
26,41
26,45
26,51
28,11
28,43
28,45
28,51
30,11
30,51
32,11
32,51
34,51
36,5
36,51
38,7
38,9
38,15
38,17
38,19
38,51
40,19
40,51
42,21
42,31
42,37
42,41
42,47
42,51
44,23
44,25
44,29
46,27
"F",3,105,157
1,17
3,15
13,19
15,13
17,13
17,23
19,13
19,25
21,15
21,27
23,15
23,29
23,35
23,37
23,41
23,47
23,49
23,51
25,15
25,43
25,51
27,15
27,51
29,51
31,15
31,51
33,17
33,51
35,11
35,13
35,19
35,51
37,11
37,17
37,19
37,51
39,13
39,51
41,15
41,23
41,25
41,41
41,43
41,45
41,51
43,19
43,27
43,37
43,47
43,51
45,29
45,33
45,35
"F",4,158,209
2,15
4,13
12,17
14,11
14,19
16,11
16,23
18,11
18,25
18,27
20,29
22,31
22,35
22,39
22,43
22,47
22,49
22,51
24,45
24,51
26,51
28,13
28,51
30,15
30,51
32,17
32,19
32,51
34,13
34,51
36,13
36,15
36,17
36,19
36,51
38,13
38,43
38,45
38,51
40,15
40,17
40,23
40,25
40,39
40,47
40,51
42,29
42,33
42,37
42,49
44,31
44,35
"F",5,210,257
2,15
4,17
6,19
8,23
10,13
10,25
12,13
12,27
14,13
14,29
16,13
16,31
18,31
20,13
20,33
20,39
20,43
20,47
20,49
20,51
22,45
22,51
24,51
26,51
28,15
28,51
30,15
30,51
32,13
32,51
34,15
34,51
36,19
36,21
36,23
36,43
36,45
36,51
38,27
38,39
38,47
38,51
40,31
40,33
40,37
40,49
42,29
42,31
"F",6,258,308
2,21
2,23
4,27
6,23
6,29
8,31
10,25
10,31
12,25
12,33
14,23
14,33
16,21
18,21
20,21
22,21
22,35
22,39
22,43
22,47
22,49
22,51
24,21
24,45
24,51
26,51
28,51
30,21
30,51
32,15
32,17
32,19
32,51
34,17
34,21
34,51
36,25
36,51
38,25
38,43
38,45
38,51
40,27
40,39
40,47
40,51
42,29
42,37
42,49
44,31
44,33
"F",7,309,361
2,25
2,27
4,25
4,29
6,31
8,27
8,33
10,27
10,35
12,27
14,27
14,37
16,25
16,37
22,39
22,43
22,47
22,49
22,51
24,45
24,51
26,25
26,51
28,23
28,51
30,21
30,51
32,17
32,19
32,51
34,17
34,19
34,21
34,23
34,25
34,51
36,25
36,51
38,25
38,43
38,45
38,51
40,27
40,39
40,47
40,51
42,29
42,33
42,35
42,37
42,49
44,31
44,33
"F",8,362,409
1,29
3,33
5,29
5,35
7,29
7,37
9,39
11,39
13,29
15,29
17,29
17,39
19,29
19,39
21,29
21,41
23,29
23,43
23,47
23,51
25,21
25,23
25,25
25,51
27,19
27,51
29,17
29,19
29,51
31,23
31,51
33,25
33,51
35,25
35,51
37,25
37,51
39,41
39,45
39,51
41,27
41,39
41,47
41,51
43,29
43,35
43,37
45,31
"F",9,410,461
1,37
3,35
3,39
5,41
7,43
9,43
11,35
11,43
13,35
13,43
15,35
15,43
17,43
19,33
19,35
19,43
21,31
21,43
21,51
23,21
23,23
23,27
23,29
23,45
23,47
23,51
25,19
25,51
27,21
27,51
29,51
31,25
31,51
33,25
33,51
35,25
35,51
37,43
37,45
37,51
39,27
39,41
39,47
39,51
41,29
41,33
41,35
41,37
41,39
41,49
43,31
43,33
"F",10,462,507
3,41
3,43
5,41
5,45
7,41
9,41
13,45
17,35
17,37
17,43
19,23
19,27
19,33
19,43
19,51
21,23
21,29
21,31
21,45
21,47
21,51
23,23
23,51
25,51
27,25
27,51
29,25
29,51
31,51
33,25
33,51
35,43
35,45
35,51
37,27
37,41
37,47
37,51
39,29
39,33
39,35
39,37
39,39
39,49
41,31
41,33
"F",11,508,552
1,47
3,49
5,49
9,45
11,45
13,45
15,41
15,43
15,49
17,25
17,37
17,49
19,25
19,29
19,33
19,49
19,51
21,27
21,51
23,27
23,51
25,27
25,51
27,27
27,51
29,27
29,51
31,51
33,25
33,51
35,43
35,45
35,51
37,27
37,41
37,47
37,51
39,29
39,33
39,35
39,37
39,39
39,49
41,31
41,33
"F",12,553,592
3,49
3,51
5,49
5,51
7,49
7,51
9,49
9,51
11,49
11,51
13,47
13,51
15,39
15,41
15,51
17,27
17,29
17,35
17,51
19,51
21,27
21,51
23,27
23,51
25,51
27,51
29,51
31,51
33,51
35,43
35,45
35,51
37,27
37,41
37,47
37,51
39,29
39,33
39,37
39,39
"F",13,593,629
2,51
4,51
6,51
8,49
8,51
10,49
10,51
12,47
12,51
14,37
14,39
14,41
14,51
16,35
16,51
18,29
18,51
20,27
20,51
22,27
22,51
24,51
26,51
28,51
30,51
32,51
34,43
34,45
34,51
36,27
36,41
36,47
36,51
38,29
38,33
38,37
38,39
"F",14,630,662
2,51
4,51
6,51
8,51
10,51
12,49
12,51
14,33
14,51
16,31
16,33
16,51
18,29
18,51
20,51
22,51
24,51
26,51
28,27
28,51
30,27
30,51
32,43
32,45
32,51
34,27
34,41
34,47
34,51
36,29
36,33
36,37
36,39
"F",15,663,701
2,49
2,51
4,49
4,51
6,35
6,37
6,39
6,41
6,43
6,45
6,47
6,49
6,51
8,33
8,51
10,31
10,51
12,29
12,51
14,29
14,51
16,51
18,51
20,27
20,51
22,27
22,51
24,27
24,51
26,27
26,47
26,51
28,29
28,33
28,35
28,37
28,41
28,49
30,31
"F",16,702,740
2,51
4,33
4,35
4,37
4,39
4,41
4,43
4,45
4,47
4,49
4,51
6,29
6,51
8,27
8,51
10,25
10,51
12,25
12,51
14,23
14,51
16,21
16,51
18,51
20,19
20,51
22,19
22,51
24,21
24,37
24,41
24,47
24,51
26,25
26,29
26,31
26,33
26,35
28,27
"F",17,741,780
1,51
3,29
3,31
3,33
3,35
3,37
3,39
3,41
3,43
3,45
3,47
3,49
3,51
5,21
5,23
5,51
7,17
7,51
9,15
9,51
11,11
11,51
13,51
15,51
17,9
17,51
19,9
21,11
23,13
23,17
25,23
25,29
25,31
25,35
25,37
25,39
25,41
25,43
25,45
25,49
"F",18,781,826
2,17
2,19
2,21
2,23
2,25
2,27
2,29
2,31
2,33
2,35
2,37
2,39
2,41
2,43
2,45
2,47
2,49
2,51
4,15
4,51
6,13
6,51
8,9
8,51
10,51
12,7
12,51
14,51
16,7
16,49
16,51
18,9
18,11
18,13
18,49
20,15
20,17
20,19
20,25
20,27
20,29
20,31
20,43
20,45
20,47
20,49
"F",19,827,863
1,17
1,19
3,13
3,15
3,51
5,9
5,51
7,9
7,51
9,9
9,49
9,51
11,49
13,7
13,49
15,5
15,49
17,7
19,9
19,11
19,15
19,33
19,35
19,37
19,51
21,21
21,23
21,31
21,45
21,47
21,49
21,51
23,27
23,29
23,31
23,51
25,51
"F",20,864,913
2,15
2,17
2,27
2,29
2,31
2,33
2,35
2,37
2,39
2,41
2,43
2,45
2,47
4,9
4,11
4,13
4,49
6,51
8,51
12,7
14,5
14,49
16,5
16,49
18,7
18,11
18,13
18,29
18,31
18,33
18,49
18,51
20,9
20,15
20,17
20,19
20,21
20,29
20,37
20,39
20,41
20,43
20,45
20,51
22,23
22,25
22,31
22,49
22,51
24,51
"F",21,914,957
2,15
2,39
2,41
2,43
2,45
2,47
4,11
4,49
4,51
6,9
6,51
8,9
8,51
12,7
12,49
14,5
14,49
16,5
16,49
18,7
18,11
18,13
18,31
18,33
18,49
18,51
20,15
20,17
20,19
20,21
20,31
20,37
20,39
20,41
20,43
20,45
20,51
22,23
22,25
22,27
22,31
22,49
22,51
24,51
"F",22,958,997
2,15
2,17
2,49
4,11
4,13
4,51
6,9
6,51
8,9
8,51
10,49
12,7
12,49
14,5
14,49
16,5
16,49
18,7
18,11
18,13
18,31
18,33
18,49
20,15
20,17
20,19
20,21
20,31
20,37
20,39
20,41
20,43
20,51
22,23
22,25
22,27
22,31
22,49
22,51
24,51
"F",23,998,1035
2,15
2,19
2,21
2,23
2,25
2,27
2,29
2,49
4,9
4,11
4,13
6,51
8,51
10,7
10,49
12,7
12,49
14,5
14,49
16,5
18,7
18,11
18,13
18,49
20,15
20,17
20,19
20,37
20,39
20,41
20,43
20,51
22,23
22,25
22,31
22,49
22,51
24,51
"F",24,1036,1069
1,17
1,19
1,45
1,47
3,13
3,15
3,49
5,9
5,51
7,51
9,7
9,49
9,51
11,7
11,49
13,5
17,5
19,7
19,9
19,13
19,31
19,33
19,35
19,51
21,21
21,31
21,45
21,47
21,51
23,27
23,29
23,49
23,51
25,51
"F",25,1070,1116
1,19
1,21
1,23
1,25
1,27
1,29
1,31
1,33
1,35
1,37
1,39
1,41
1,43
1,45
1,47
3,13
3,15
3,49
3,51
5,9
5,51
7,9
7,51
9,9
11,7
13,7
13,49
15,5
15,49
17,7
17,49
17,51
19,9
19,11
19,15
19,35
19,37
19,51
21,23
21,25
21,29
21,47
21,49
21,51
23,27
23,29
23,51
"F",26,1117,1159
1,19
1,21
1,23
1,31
1,33
1,35
1,37
1,39
1,41
1,43
1,45
1,47
3,15
3,17
3,49
5,11
5,13
5,49
7,51
9,51
11,9
11,51
13,7
13,47
13,49
13,51
15,5
15,47
15,51
17,5
17,45
17,47
19,7
19,11
19,39
19,41
21,15
21,33
21,35
23,21
23,31
25,27
25,29
"F",27,1160,1201
1,21
1,23
1,25
1,27
1,29
1,31
1,33
1,35
1,37
1,39
1,41
1,43
1,45
1,47
3,17
3,49
5,13
5,51
7,11
7,51
9,51
11,9
11,45
11,51
13,7
15,7
17,7
17,43
19,9
19,13
19,39
19,41
21,15
21,35
21,37
23,19
23,21
23,31
23,33
25,23
25,25
25,29
"F",28,1202,1243
2,23
2,25
2,27
2,29
2,31
2,33
2,35
2,37
2,39
2,43
2,45
4,19
4,21
4,47
6,17
6,41
8,15
8,41
8,43
8,45
8,51
10,13
10,51
12,11
12,45
12,51
14,11
16,45
18,9
18,45
20,41
20,43
22,9
22,37
22,39
24,11
24,13
24,17
24,35
26,19
26,21
26,31
"F",29,1244,1295
1,35
1,37
1,39
1,41
3,31
3,45
5,23
5,25
5,27
5,39
5,41
5,43
5,45
5,47
7,21
7,39
9,21
9,39
11,15
11,17
11,19
11,41
13,13
13,43
13,45
13,47
13,51
15,11
15,51
17,45
17,47
17,51
19,9
19,43
23,11
23,45
25,11
25,41
25,43
27,11
27,37
27,39
29,13
29,35
31,17
31,29
31,31
33,19
33,21
33,23
33,25
33,27
"F",30,1296,1342
2,33
2,35
4,37
6,39
10,31
10,41
12,31
12,41
14,29
16,23
16,27
16,39
18,21
18,25
20,15
20,17
20,19
22,11
22,39
22,41
22,43
22,47
22,51
24,9
24,51
26,9
26,45
26,47
26,51
28,43
30,9
30,43
30,45
32,9
32,45
34,11
34,43
36,11
36,41
38,13
38,35
38,37
40,15
40,29
40,31
42,17
42,27
"F",31,1343,1395
2,35
2,37
4,35
6,33
6,35
8,31
10,29
10,33
12,25
12,27
14,23
16,21
20,19
20,33
22,11
22,13
22,19
22,35
22,47
22,51
24,13
24,43
24,45
24,51
26,9
26,13
26,17
26,45
26,47
26,51
28,13
28,15
28,43
30,9
30,41
32,9
32,39
34,11
36,13
38,13
38,37
40,13
40,31
40,33
40,37
42,15
42,17
42,19
42,27
42,29
42,35
44,23
44,25
"F",32,1396,1456
1,33
3,31
5,29
5,33
7,25
7,27
9,21
9,23
11,19
13,17
13,33
15,17
15,33
17,15
17,35
19,15
19,37
19,49
19,51
21,15
21,37
21,45
21,51
23,9
23,11
23,15
23,37
23,39
23,41
23,43
23,47
23,49
23,51
25,7
25,11
25,15
25,43
25,45
27,7
27,11
27,15
27,41
29,11
29,15
29,39
31,7
31,13
31,15
33,9
35,11
35,13
37,37
39,15
39,31
39,33
39,35
41,15
41,29
43,17
43,19
43,21
"F",33,1457,1513
2,23
2,25
4,21
6,19
6,25
8,17
8,27
10,29
12,15
12,31
14,33
16,35
18,37
20,15
20,37
20,49
20,51
22,15
22,37
22,45
22,51
24,17
24,37
24,39
24,41
24,43
24,47
24,49
24,51
26,7
26,9
26,11
26,17
26,43
26,45
28,15
28,41
30,5
30,15
30,39
32,5
32,11
32,15
34,7
36,9
38,11
38,13
38,37
40,15
40,31
40,33
40,35
42,15
42,29
44,17
44,19
44,21
"F",34,1514,1576
1,23
3,19
3,21
3,25
5,17
7,15
7,25
9,15
9,27
11,13
11,31
13,13
13,33
15,13
15,35
17,37
19,15
19,37
21,17
21,37
21,47
21,51
23,17
23,43
23,45
23,51
25,17
25,35
25,39
25,41
25,47
27,17
27,35
27,37
27,43
29,15
29,41
31,7
31,9
31,11
31,15
33,5
33,11
33,15
33,39
35,13
35,15
35,39
37,5
37,39
39,7
41,9
41,11
41,13
41,15
41,31
41,35
41,37
43,15
43,29
45,17
45,19
45,21
"F",35,1577,1639
3,21
3,23
5,19
5,25
5,27
7,17
7,29
9,17
9,31
11,17
11,33
13,17
13,35
15,17
15,37
17,37
19,19
19,37
21,37
23,37
23,47
23,51
25,35
25,43
25,45
25,51
27,19
27,35
27,41
27,47
29,17
29,33
29,39
29,45
31,15
31,33
31,35
31,43
33,5
33,7
33,15
35,3
35,9
35,15
35,41
37,3
37,7
37,41
39,5
39,41
41,7
41,35
41,39
43,11
43,13
43,15
43,31
43,37
45,15
45,29
47,17
47,19
47,21
"F",36,1640,1696
2,21
2,23
4,27
6,29
6,31
8,21
8,33
10,21
10,35
12,21
12,35
14,37
16,37
18,37
20,37
24,21
24,35
24,47
24,51
26,21
26,43
26,45
26,51
28,19
28,33
28,41
30,17
30,39
30,47
32,15
32,33
32,35
34,15
34,43
36,5
36,9
36,13
36,15
38,3
38,9
40,3
40,33
40,35
40,41
42,5
42,37
42,39
44,7
44,9
44,11
44,15
44,31
46,15
46,29
48,17
48,19
48,21
"F",37,1697,1755
2,27
2,29
4,27
4,29
6,27
6,31
8,27
8,33
10,27
10,35
12,27
12,35
14,33
16,33
18,25
20,25
22,23
22,47
22,51
24,23
24,45
24,51
26,21
26,43
28,19
28,41
28,51
30,17
30,31
30,37
30,39
30,49
32,31
32,33
32,45
34,43
36,3
36,9
36,13
36,15
36,43
38,3
38,5
38,7
38,41
40,33
40,37
40,39
42,5
42,9
42,11
42,13
42,15
44,15
44,31
46,29
48,17
48,23
50,21
"F",38,1756,1818
3,31
3,33
5,31
7,31
11,29
11,33
13,27
13,33
15,25
17,23
17,31
21,23
21,47
21,49
21,51
23,23
23,45
23,51
25,23
25,31
25,49
25,51
27,21
27,31
27,43
27,49
27,51
29,19
29,33
29,39
29,41
29,51
31,17
31,33
31,35
31,47
31,49
31,51
33,9
33,11
33,13
33,45
33,51
35,7
37,1
37,3
37,5
37,43
39,33
39,37
39,41
41,3
41,7
41,9
41,11
41,13
41,15
45,31
47,17
47,25
47,27
49,19
49,23
"F",39,1819,1870
1,37
3,33
3,39
5,29
7,25
9,23
11,21
11,39
13,21
13,39
15,37
17,37
19,35
21,33
23,31
23,47
23,51
25,43
25,51
27,15
27,17
27,31
27,41
27,51
29,33
29,35
29,37
29,39
29,45
29,51
31,5
31,7
31,13
33,3
33,43
35,3
35,33
35,35
35,41
37,3
37,31
39,13
41,15
41,29
43,15
43,25
43,27
45,15
45,23
47,17
47,19
47,21
"F",40,1871,1930
2,37
2,39
2,45
4,33
4,35
6,27
6,29
6,43
8,25
8,43
10,23
12,23
12,41
14,41
16,21
16,39
18,21
18,37
18,45
18,47
18,51
20,33
20,43
20,51
22,21
22,33
22,41
22,45
22,51
24,9
24,19
24,33
24,39
26,7
26,11
26,15
26,17
26,33
26,35
26,43
28,3
30,7
30,41
32,9
32,39
34,11
34,35
34,37
36,11
36,27
38,11
38,27
40,11
40,25
42,11
42,19
42,21
42,23
44,15
44,17
"F",41,1931,1984
2,31
2,39
4,29
4,39
6,23
6,25
6,27
10,39
10,41
10,43
12,13
12,45
14,9
14,11
14,21
14,41
16,7
16,13
16,21
16,39
18,7
18,13
18,15
18,21
18,39
20,5
20,39
22,5
24,39
24,41
24,43
24,45
26,51
28,29
28,33
28,35
28,37
28,39
28,41
28,43
28,45
28,47
28,51
30,19
30,23
30,25
30,51
32,7
32,13
32,15
32,17
32,51
34,9
34,11
"F",42,1985,2037
1,35
1,37
1,39
3,31
3,41
5,27
5,29
5,31
5,41
7,25
9,9
9,25
9,39
11,7
11,13
11,39
13,7
13,43
15,7
15,13
15,15
15,23
15,41
15,43
15,45
17,15
17,19
17,21
17,39
17,47
17,49
17,51
19,51
21,45
21,47
21,49
21,51
23,7
23,39
23,41
23,51
25,7
25,27
25,33
25,35
25,37
29,7
29,19
29,23
29,25
31,9
31,11
31,15
"F",43,2038,2094
1,37
1,39
1,41
1,43
3,35
5,29
5,31
5,33
5,43
7,5
7,27
7,43
9,3
9,7
9,9
9,43
11,3
11,25
11,41
13,9
13,25
13,41
13,43
13,45
13,51
15,3
15,11
15,21
15,23
15,51
17,5
17,13
17,15
17,17
17,19
17,43
17,45
17,51
19,39
21,37
23,7
23,25
23,33
23,35
25,25
27,21
27,23
27,27
29,7
29,13
29,17
29,19
29,21
29,23
29,25
31,9
31,11
"F",44,2095,2148
1,37
1,39
1,41
1,43
3,35
3,45
5,9
5,29
5,45
7,7
7,9
7,27
7,43
9,7
9,9
9,27
9,45
9,47
11,13
11,25
11,51
13,15
13,23
13,45
13,47
13,49
13,51
15,7
15,17
15,45
17,9
17,47
19,9
19,39
19,45
21,9
21,27
21,29
21,37
23,9
23,25
23,33
23,35
25,7
25,25
27,7
27,25
29,9
29,13
29,15
29,19
29,21
29,25
31,23
"F",45,2149,2188
2,35
2,37
2,47
4,29
4,47
6,9
6,29
8,9
8,13
8,49
10,15
10,27
10,51
12,9
12,17
12,23
12,25
12,43
14,43
16,11
16,47
18,11
18,49
20,11
20,41
20,47
22,9
22,27
22,31
22,33
22,37
24,25
24,35
26,25
28,9
28,13
28,15
28,25
30,21
30,25
"F",46,2189,2244
1,39
1,41
1,43
1,45
3,13
3,33
3,35
3,37
5,13
5,15
5,47
5,49
7,17
7,31
9,15
9,19
9,27
9,43
9,49
11,15
11,21
11,23
11,43
13,15
13,43
15,15
17,13
17,41
17,43
19,41
19,43
19,45
19,49
21,11
21,29
21,31
21,51
23,9
23,27
23,33
23,35
23,43
23,49
23,51
25,9
25,37
25,39
27,11
27,13
27,15
27,17
27,23
27,25
27,29
29,25
29,29
"F",47,2245,2306
1,41
1,43
3,13
3,15
3,17
3,37
3,45
5,13
5,15
5,19
5,33
5,47
7,15
7,21
7,29
7,47
9,17
9,21
9,23
9,25
11,17
11,43
13,15
13,43
15,45
17,13
17,39
17,41
19,11
19,37
21,9
21,27
21,29
21,31
21,33
21,39
21,41
21,43
21,45
21,47
21,49
23,9
23,27
23,35
25,11
25,29
25,37
25,39
25,41
25,43
25,45
25,47
25,51
27,13
27,19
27,21
27,23
27,27
27,31
27,49
27,51
29,29
"F",48,2307,2350
1,41
1,43
3,31
3,33
3,35
3,43
5,13
5,15
5,17
5,27
5,43
7,13
7,19
7,23
7,43
9,15
9,43
11,15
11,43
13,15
13,43
15,13
15,43
17,11
19,9
19,51
21,7
21,29
21,33
21,51
23,35
23,49
23,51
25,7
25,21
25,23
25,29
27,9
27,11
27,13
27,15
27,19
27,25
27,29
"F",49,2351,2385
1,37
1,39
1,41
1,43
1,45
3,29
3,31
3,47
5,25
5,45
7,15
7,17
7,21
7,45
9,15
11,15
13,15
15,13
17,51
19,11
19,51
21,9
21,37
21,51
23,7
23,51
25,29
27,7
27,11
27,13
27,19
27,21
27,27
29,9
29,15
"F",50,2386,2431
2,33
2,35
2,37
2,41
4,29
4,31
4,41
6,25
6,27
6,41
8,23
10,21
10,41
12,19
12,39
14,17
14,39
16,39
18,15
18,41
20,15
20,51
22,13
22,51
24,11
24,39
24,51
26,11
26,51
28,9
28,37
30,7
30,27
30,29
30,31
30,33
30,35
32,21
32,27
34,7
34,17
34,25
34,27
36,9
36,11
36,15
"F",51,2432,2479
1,29
3,25
3,29
5,23
5,29
7,21
7,31
7,33
9,19
9,35
11,19
13,17
13,37
15,17
15,37
17,37
21,15
23,15
23,37
23,39
23,41
23,43
23,45
23,51
25,15
25,51
27,13
27,41
27,43
27,51
29,11
31,11
31,37
33,9
33,37
35,7
37,19
37,21
37,27
37,31
37,33
37,35
39,7
39,17
39,25
41,9
41,11
41,15
"F",52,2480,2529
2,27
2,31
4,27
4,33
6,25
6,35
8,25
8,37
10,23
12,23
14,21
14,37
16,21
16,37
18,19
18,35
18,43
18,49
20,19
20,37
20,39
20,51
22,17
22,41
22,43
22,49
22,51
24,15
24,39
26,13
26,43
28,11
28,45
30,9
30,39
32,7
34,25
34,29
34,37
36,7
36,17
36,19
36,21
36,25
36,33
36,35
38,9
38,11
38,13
38,15
"F",53,2530,2585
2,27
2,29
4,33
6,25
6,35
8,25
8,37
10,37
12,37
14,23
16,23
16,37
18,39
18,45
18,47
18,49
20,21
20,37
20,41
20,51
22,45
22,47
22,49
22,51
24,15
24,17
24,19
24,41
26,13
26,39
28,13
28,35
28,37
30,11
30,43
30,45
32,11
32,33
32,39
32,47
34,9
34,43
34,45
36,7
36,29
36,31
36,39
36,47
38,7
38,19
38,23
38,35
40,9
40,11
40,15
40,21
"F",54,2586,2644
2,27
2,29
2,31
4,27
4,35
6,27
6,37
10,37
12,25
12,37
12,43
12,45
14,25
14,37
14,49
16,25
16,41
16,51
18,39
18,43
20,23
20,43
22,15
22,17
22,19
22,21
22,41
24,13
24,41
26,39
28,11
28,33
30,11
30,33
32,9
32,35
32,37
32,39
32,41
32,43
32,45
32,47
34,7
34,31
34,49
36,19
36,27
36,33
36,39
36,41
36,43
36,45
36,47
36,49
38,9
38,11
38,15
38,21
38,25
"F",55,2645,2699
2,29
2,31
4,27
4,31
6,37
8,25
8,39
10,25
10,37
12,25
12,41
12,47
14,25
14,37
14,41
14,49
16,37
18,23
18,37
18,39
20,37
20,39
20,43
22,13
22,15
24,11
24,41
26,35
26,37
26,39
28,33
30,9
30,35
32,29
32,31
32,37
32,39
34,19
34,21
34,33
34,45
34,47
34,49
36,9
36,13
36,15
36,17
36,35
36,51
38,11
38,25
38,27
38,47
40,47
40,49
"F",56,2700,2753
2,33
2,35
4,29
6,27
8,27
8,37
10,25
10,27
10,37
12,23
12,37
12,39
12,45
14,43
14,45
16,11
16,41
18,9
18,15
20,13
20,21
22,7
22,13
22,15
22,17
22,19
24,7
24,39
26,7
26,35
26,37
28,7
28,35
30,7
30,45
30,47
30,49
32,21
32,23
32,33
32,35
32,51
34,7
34,17
34,25
34,27
34,37
34,47
34,49
34,51
36,9
36,11
36,49
36,51
"F",57,2754,2794
2,51
4,27
4,29
4,49
4,51
6,21
6,23
6,41
6,43
6,45
6,51
8,9
8,15
8,47
8,49
8,51
10,7
10,47
12,5
12,47
14,7
14,47
14,49
14,51
16,51
18,9
18,51
20,9
20,49
22,9
22,49
24,13
24,15
24,21
24,23
24,25
24,27
24,29
24,31
26,17
26,19
"F",58,2795,2835
1,49
3,31
3,33
3,35
3,37
3,39
3,45
3,51
5,25
5,27
5,51
7,17
7,21
7,23
7,45
7,51
9,9
9,11
9,15
9,51
11,7
11,51
13,51
15,7
15,45
15,47
15,49
17,9
17,45
19,45
23,11
23,27
23,29
23,31
23,33
23,45
25,15
25,21
25,23
27,17
27,19
"F",59,2836,2883
2,31
2,33
2,41
4,27
4,29
4,43
6,25
6,41
6,47
6,49
8,23
8,41
8,47
8,51
10,15
10,17
10,19
10,21
10,43
10,47
10,51
12,13
12,51
14,9
14,11
14,51
16,7
16,49
18,45
18,47
20,7
20,45
22,9
22,43
24,11
24,43
26,11
26,39
28,13
28,21
28,23
28,25
28,27
28,33
30,15
30,17
30,35
32,37
"F",60,2884,2926
1,35
1,37
3,31
3,39
5,29
7,27
9,25
9,39
11,25
11,49
13,23
13,41
13,49
13,51
15,17
15,21
15,43
15,47
15,49
15,51
17,15
17,51
19,9
19,11
19,13
19,51
21,7
21,51
23,7
23,47
23,49
25,9
27,11
27,47
29,47
31,41
31,43
33,13
33,23
33,25
33,27
35,15
35,19
"F",61,2927,2972
2,29
2,31
4,27
4,31
6,25
6,31
8,23
8,31
10,23
12,33
14,21
14,35
16,21
16,37
16,39
18,21
18,41
20,17
20,19
20,21
20,43
20,47
20,49
22,15
22,51
24,13
24,51
26,9
26,11
26,51
28,7
28,51
30,7
30,49
32,9
32,47
34,11
34,47
36,41
36,43
38,37
40,13
40,31
40,33
42,15
42,19
"F",62,2973,3016
1,29
3,29
3,31
5,33
7,27
7,35
9,27
9,35
11,25
11,37
15,23
15,39
17,23
17,39
19,21
19,47
19,49
21,11
21,13
21,19
21,39
21,41
21,51
23,9
23,51
25,47
25,49
25,51
27,7
29,7
29,45
31,45
33,9
33,43
35,39
35,41
37,15
37,33
37,35
39,17
39,19
39,21
39,27
41,23
"F",63,3017,3069
2,33
2,35
4,37
6,39
8,31
8,41
10,31
10,41
12,29
14,23
14,27
14,39
16,21
16,25
18,19
20,11
20,17
20,43
20,49
20,51
22,7
22,39
22,41
22,45
22,51
24,5
24,15
24,47
24,49
24,51
26,5
26,11
26,15
26,45
28,5
28,43
30,7
30,45
32,9
32,11
32,45
34,11
34,43
36,13
36,39
38,15
38,33
38,35
40,17
40,31
42,25
42,27
42,29
"F",64,3070,3120
2,37
2,39
4,37
6,35
6,41
8,35
10,33
10,39
12,31
12,39
14,29
14,39
16,21
16,23
16,27
16,39
18,19
18,41
18,45
18,47
20,13
20,17
20,51
22,11
22,15
22,49
24,9
24,45
24,47
26,7
26,43
28,7
30,9
30,11
32,11
32,43
34,11
34,39
34,41
34,43
36,13
36,33
36,35
38,15
38,17
38,29
40,19
40,29
42,25
42,27
42,29
"F",65,3121,3176
1,37
1,39
3,35
3,39
5,29
5,31
7,27
9,25
11,23
11,39
13,9
13,19
13,21
13,41
15,7
15,17
15,41
15,47
15,49
15,51
17,5
17,7
17,13
17,15
17,41
17,43
17,51
19,47
19,49
19,51
21,5
21,43
23,9
23,41
25,9
25,39
27,9
27,39
29,9
29,33
29,35
29,37
31,9
31,29
33,9
33,27
35,13
35,15
35,25
37,17
37,19
37,27
39,19
39,27
41,23
41,25
"F",66,3177,3221
1,37
1,39
3,33
5,29
7,25
9,23
9,41
11,21
11,41
13,19
15,17
15,39
17,9
17,11
17,13
17,15
17,39
17,41
17,43
17,45
17,51
19,11
19,51
21,11
21,43
21,45
21,51
23,11
23,41
25,11
25,39
27,9
27,37
29,29
29,31
31,25
33,9
33,25
35,11
35,13
35,15
35,27
37,21
37,23
37,27
"F",67,3222,3289
1,41
3,43
5,39
5,43
7,39
7,43
9,23
9,27
9,29
9,37
9,43
11,21
11,31
11,33
11,35
11,43
13,19
13,43
15,17
17,7
17,9
17,15
17,45
19,5
19,9
19,13
19,45
21,5
21,43
23,5
23,41
25,5
25,39
27,7
27,9
27,11
27,39
27,41
27,43
29,11
29,51
31,11
31,51
33,13
33,17
33,41
33,51
35,19
35,23
35,25
35,27
35,45
37,29
37,47
37,49
39,31
39,37
39,43
39,45
39,51
41,33
41,37
41,47
41,49
41,51
43,35
43,51
45,51
"F",68,3290,3353
2,41
4,39
6,39
8,21
8,23
8,27
8,29
8,37
8,43
10,19
10,31
10,33
10,35
10,43
12,17
12,45
14,3
14,5
14,7
14,9
14,11
14,15
14,47
16,3
16,47
18,5
20,7
22,9
22,11
22,49
22,51
24,51
26,13
26,45
26,47
26,49
26,51
28,15
28,17
28,19
28,51
30,21
30,23
30,25
30,27
30,47
32,29
32,37
32,39
32,41
32,43
32,49
32,51
34,31
34,37
34,45
34,47
34,51
36,33
36,37
36,49
36,51
38,35
38,51
"F",69,3354,3404
2,39
2,41
4,19
4,21
4,23
4,37
4,41
6,9
6,11
6,17
6,25
6,27
6,33
6,35
6,41
8,9
8,13
8,15
8,43
10,45
12,11
12,47
14,11
18,11
18,51
20,11
20,51
22,13
22,17
22,51
24,19
26,23
26,47
26,49
28,27
28,51
30,31
30,33
30,45
30,47
30,49
30,51
32,35
32,37
32,39
32,41
32,43
32,51
34,47
34,51
36,49
"F",70,3405,3450
2,13
2,17
2,25
2,27
2,35
2,37
2,41
2,43
4,45
6,13
6,45
8,13
8,47
10,13
14,11
14,51
16,11
16,51
18,13
18,17
18,51
20,19
22,21
22,47
22,49
24,43
24,45
24,51
26,23
26,41
26,47
26,49
26,51
28,25
28,39
28,51
30,25
30,37
30,51
32,27
34,29
34,35
34,49
36,31
36,35
38,33
"F",71,3451,3502
1,23
1,25
3,19
3,29
5,17
5,31
5,33
5,39
7,15
9,15
11,39
13,13
13,47
15,11
15,47
15,49
15,51
17,11
17,51
19,13
19,47
19,49
19,51
21,15
21,19
21,51
23,21
23,47
25,49
25,51
27,43
27,45
27,47
27,51
29,21
29,41
29,49
29,51
31,21
31,39
31,51
33,21
33,35
35,21
35,29
37,21
37,27
39,23
39,27
41,25
41,27
43,27
"F",72,3503,3557
1,23
1,25
1,27
1,29
1,31
1,33
1,35
3,19
3,21
3,39
5,15
5,41
7,13
7,43
9,43
11,45
13,47
15,11
15,47
15,49
15,51
17,51
19,47
19,49
19,51
21,11
21,47
21,51
23,11
23,19
23,21
23,49
23,51
25,13
25,15
25,17
25,19
25,45
25,47
25,51
27,23
27,43
27,49
27,51
29,23
29,41
29,51
31,23
31,39
33,23
33,35
35,31
37,27
39,23
41,25
"F",73,3558,3617
1,29
1,31
1,33
1,35
1,37
3,21
3,23
3,25
3,41
3,43
5,17
5,19
5,45
7,13
9,47
11,47
13,11
13,45
15,11
15,45
15,47
15,51
17,9
17,51
19,9
19,45
19,47
19,49
19,51
21,11
21,45
21,47
21,51
23,19
23,21
23,49
23,51
25,17
25,23
25,45
25,47
25,51
27,13
27,17
27,25
27,43
27,49
27,51
29,15
29,17
29,25
29,41
29,51
31,39
33,37
35,35
37,29
37,31
39,27
39,29
"F",74,3618,3674
1,33
1,35
1,37
1,39
1,41
3,23
3,25
3,27
3,29
3,43
5,19
5,21
5,45
7,15
7,17
7,47
9,13
9,47
11,11
11,47
13,11
13,47
15,9
15,47
15,49
17,7
17,51
19,51
21,7
21,11
21,13
21,51
23,9
23,51
25,19
25,27
25,43
25,47
25,49
25,51
27,19
27,29
27,43
27,51
29,13
29,15
29,17
29,51
31,31
31,41
33,31
33,39
35,31
35,37
37,31
37,33
37,35
"F",75,3675,3724
2,33
2,35
2,43
2,45
4,27
4,29
4,31
6,23
6,47
8,19
10,15
10,47
12,11
12,47
14,11
14,47
16,9
16,47
18,7
18,47
18,49
20,5
20,51
22,5
22,51
24,7
24,11
24,13
24,45
24,47
24,49
24,51
26,9
26,15
26,17
26,21
26,23
26,25
26,45
26,51
28,17
28,19
28,29
30,33
30,43
32,35
32,41
34,35
34,41
36,39
"F",76,3725,3766
1,39
1,41
3,35
3,43
5,33
5,43
7,29
7,31
7,43
9,23
9,25
9,27
9,43
9,45
11,13
11,15
11,47
13,11
13,47
15,7
15,49
17,7
17,51
19,5
19,51
21,51
23,5
23,49
23,51
25,7
25,9
25,11
25,45
25,51
27,13
27,15
27,29
27,35
27,37
27,39
27,45
29,43
"F",77,3767,3799
2,37
4,35
4,39
6,41
8,31
8,33
8,45
10,13
10,15
10,25
10,27
10,47
12,11
12,47
14,7
14,49
16,7
16,51
18,5
18,51
20,51
22,5
22,49
22,51
24,7
24,9
24,11
24,47
24,51
26,13
26,15
26,21
26,29
"F",78,3800,3825
2,45
2,47
4,13
4,15
4,17
4,49
6,11
6,49
8,7
8,49
10,7
10,51
12,5
12,51
14,51
16,5
16,51
18,7
18,9
18,11
18,49
18,51
20,13
20,15
20,21
20,29
"F",79,3826,3873
1,19
1,21
1,23
1,25
1,27
1,29
1,31
1,33
1,35
1,37
1,39
1,41
1,43
1,45
1,47
3,11
3,49
5,9
5,49
7,7
7,51
9,7
9,51
11,5
11,51
13,5
13,51
15,7
15,9
15,11
15,49
15,51
17,13
17,31
17,33
17,35
17,37
17,39
17,41
17,43
17,45
17,47
19,17
19,19
19,23
19,25
19,27
19,29
"F",80,3874,3926
2,29
2,31
2,43
4,23
4,45
6,17
6,19
8,13
8,47
10,11
10,47
12,11
12,47
14,9
14,51
16,7
16,51
18,47
18,49
18,51
20,7
20,51
22,9
22,11
22,49
22,51
24,13
24,21
24,23
24,25
24,45
24,47
24,51
26,19
26,27
26,43
26,49
26,51
28,13
28,17
28,29
28,43
28,51
30,13
30,15
30,41
32,31
32,39
34,31
34,37
36,31
36,35
38,33
"F",81,3927,3981
1,37
1,39
1,41
3,31
3,33
3,45
5,25
5,27
5,47
7,21
7,47
9,17
9,47
11,13
11,15
11,47
13,9
13,47
13,49
13,51
15,9
15,51
17,9
17,47
17,49
17,51
21,7
23,5
23,45
25,7
25,45
27,9
27,11
27,15
27,51
29,21
29,23
29,45
29,47
29,51
31,17
31,19
31,27
31,29
31,31
31,33
31,43
31,49
31,51
33,35
33,41
33,51
35,39
37,35
37,37
"F",82,3982,4027
1,39
1,41
3,35
3,43
5,33
5,43
7,29
7,31
7,43
9,15
9,19
9,21
9,23
9,25
9,27
9,43
9,45
11,9
11,11
11,47
11,49
13,51
15,51
17,7
19,7
21,5
23,5
25,7
25,11
25,13
25,47
25,49
27,15
27,17
27,19
27,35
27,37
27,39
27,51
29,23
29,25
29,31
29,43
29,49
29,51
31,51
"F",83,4028,4071
2,37
4,35
4,39
6,41
8,17
8,19
8,21
8,31
8,33
8,45
10,13
10,47
12,9
12,47
12,49
12,51
14,51
16,47
16,49
16,51
18,7
22,5
22,47
24,7
24,47
26,9
26,11
26,13
26,29
26,35
26,37
26,51
28,21
28,23
28,31
28,45
28,47
28,49
28,51
30,27
30,29
30,49
30,51
32,51
"F",84,4072,4110
2,17
2,19
2,21
2,45
2,47
4,13
4,15
4,49
6,9
6,51
8,9
8,51
10,9
10,49
10,51
12,7
14,7
16,5
18,7
18,49
20,9
20,11
20,15
20,35
20,37
20,51
22,21
22,23
22,31
22,45
22,47
22,49
22,51
24,27
24,29
24,31
24,49
24,51
26,51
"F",85,4111,4161
1,15
1,17
1,21
1,23
1,25
1,27
1,29
1,31
1,33
1,35
1,37
1,39
1,41
1,43
1,45
1,47
3,11
3,13
3,49
3,51
5,9
5,51
7,9
7,51
11,7
13,5
15,5
15,49
17,7
17,11
17,13
17,31
17,33
17,49
19,15
19,17
19,19
19,21
19,31
19,37
19,39
19,41
19,43
19,51
21,23
21,25
21,27
21,31
21,49
21,51
23,51
"F",86,4162,4221
2,35
2,39
4,33
6,31
6,39
8,29
8,39
10,29
10,41
12,17
12,27
14,11
14,13
14,17
14,27
14,43
16,9
16,15
16,25
16,43
18,9
18,15
18,21
18,23
18,25
18,43
20,11
20,17
20,43
22,11
22,49
26,49
28,11
28,45
28,47
28,49
30,9
32,7
32,25
32,27
32,31
32,35
32,47
32,49
32,51
34,7
34,25
34,49
34,51
36,7
36,27
38,11
38,13
38,19
38,21
38,23
38,29
40,25
40,27
40,29
"F",87,4222,4280
2,39
2,41
4,37
6,35
6,43
8,13
8,15
8,33
8,43
10,17
10,31
12,11
12,13
12,29
14,19
14,21
14,27
14,37
14,39
14,41
14,47
14,49
16,35
16,43
16,45
16,51
18,35
18,37
18,39
18,51
20,11
20,51
22,9
22,41
22,43
22,45
22,47
22,51
24,7
24,25
24,27
24,29
24,31
24,33
24,35
24,37
24,49
24,51
26,7
26,23
26,51
28,9
28,11
28,19
28,23
30,21
30,25
32,21
32,23
"F",88,4281,4321
1,39
3,37
3,41
5,43
7,35
7,45
9,21
9,33
11,31
13,25
13,27
15,15
15,17
15,47
15,49
17,13
17,51
19,11
19,51
21,9
21,25
21,27
21,41
21,43
21,51
23,7
23,31
23,33
23,39
23,49
23,51
25,7
25,13
25,19
25,35
25,37
25,51
27,9
27,13
27,19
27,21
"F",89,4322,4358
2,45
4,41
4,43
4,47
6,33
6,35
6,37
6,47
8,17
8,19
8,21
8,47
10,11
10,47
10,49
12,51
14,9
14,51
16,7
16,51
18,5
18,49
18,51
20,5
20,11
20,13
22,7
22,9
22,25
22,27
22,29
22,31
22,33
22,45
24,37
24,39
24,41
"F",90,4359,4399
3,17
3,19
3,21
3,23
3,25
3,27
3,29
3,31
3,33
3,35
3,37
3,39
3,41
3,43
3,45
3,49
5,11
5,13
5,49
7,7
7,49
9,7
9,51
11,51
13,5
13,51
15,51
17,5
17,49
17,51
19,13
19,15
19,31
19,39
19,41
19,43
19,45
19,47
19,49
21,27
21,29
"F",91,4400,4436
1,17
1,19
1,21
1,23
1,25
1,27
1,29
1,31
1,33
1,35
1,37
1,39
1,41
1,43
1,45
1,47
3,11
3,13
3,49
5,7
5,49
7,7
7,51
9,51
11,5
11,51
13,51
15,5
15,49
15,51
17,13
17,15
19,19
19,21
19,23
19,25
19,31
"F",92,4437,4474
2,13
2,15
2,27
2,29
2,31
2,33
2,35
2,37
2,39
2,41
2,43
2,45
2,47
2,49
4,9
4,49
6,7
6,49
8,7
8,51
10,7
10,51
12,5
12,51
14,5
14,51
16,7
16,9
16,11
16,13
16,49
16,51
18,15
18,17
18,29
20,23
20,25
20,29
"F",93,4475,4522
1,17
1,19
3,15
3,21
3,23
3,25
3,27
3,29
3,31
3,33
3,35
3,37
3,39
3,41
3,43
3,45
3,47
5,9
5,11
5,49
7,49
9,7
9,51
11,7
11,51
13,5
13,51
15,51
17,5
17,49
17,51
19,13
19,29
19,31
19,33
19,35
19,37
19,39
19,41
19,43
19,45
19,47
21,17
21,19
21,29
23,23
23,25
23,31
"F",94,4523,4549
2,11
2,13
2,15
2,17
2,49
4,9
4,49
6,9
6,49
8,7
8,51
10,5
10,51
12,51
14,5
14,51
16,7
16,9
16,13
16,49
16,51
18,15
18,31
20,23
20,25
20,27
20,29
"F",95,4550,4590
1,15
1,17
3,13
3,19
5,7
5,19
5,21
5,23
5,25
5,27
5,29
5,31
5,33
5,35
5,37
5,39
5,41
5,43
5,45
7,5
7,47
9,5
9,47
11,49
13,3
13,45
13,47
13,51
15,1
17,3
17,45
19,5
19,11
21,13
21,15
21,17
21,25
21,27
23,21
23,23
23,27
"F",96,4591,4631
2,13
2,17
4,9
4,11
4,19
6,5
6,45
8,5
10,47
10,49
12,3
12,51
14,1
14,45
14,49
16,1
16,45
18,3
18,5
18,7
18,9
18,23
18,25
18,27
18,29
18,31
18,35
18,37
18,39
18,41
18,43
18,45
20,11
20,13
20,15
20,17
20,23
22,19
22,21
22,27
24,25
"F",97,4632,4668
1,17
1,19
3,11
3,13
5,7
5,45
7,5
9,47
9,49
11,3
11,51
13,1
13,49
15,1
15,45
17,3
17,5
17,7
17,9
17,21
17,23
17,25
17,27
17,33
17,35
17,37
17,39
17,41
17,43
17,45
19,11
19,13
19,21
19,23
21,19
23,21
23,23
"F",98,4669,4703
1,13
1,15
1,17
3,7
3,45
5,5
7,47
7,49
9,3
9,51
11,1
11,49
13,1
13,45
15,3
15,5
15,7
15,9
15,21
15,23
15,33
15,35
15,37
15,39
15,41
15,43
15,45
17,11
17,13
17,15
17,17
17,21
17,31
21,19
21,21
"F",99,4704,4738
1,9
1,11
1,13
1,15
1,17
3,7
3,45
5,5
7,47
7,49
9,3
9,51
11,1
11,49
13,3
13,45
15,5
15,15
15,19
15,21
15,33
15,35
15,37
15,39
15,41
15,43
15,45
17,5
17,15
17,27
17,29
17,31
19,7
19,11
19,15
"F",100,4739,4782
2,9
2,11
2,13
2,17
2,19
2,21
2,23
2,25
2,27
2,29
2,31
2,33
2,35
2,37
2,39
2,41
2,43
2,45
4,5
4,7
4,47
8,3
8,49
10,1
10,45
10,47
10,51
12,1
14,3
14,13
14,15
14,17
14,45
16,3
16,21
16,23
16,25
16,31
18,3
18,5
18,7
18,29
20,9
20,11
"F",101,4783,4819
3,7
3,9
3,45
5,5
5,43
5,45
7,43
7,45
7,47
9,3
9,49
11,1
11,45
11,47
11,51
13,3
13,45
15,3
15,35
15,37
15,39
15,41
15,43
15,45
17,3
17,5
17,7
17,21
17,23
17,25
17,27
17,33
19,9
19,11
19,13
19,29
19,31
"F",102,4820,4855
1,37
1,39
1,41
1,43
3,31
3,33
3,45
5,15
5,19
5,21
5,27
7,13
7,47
7,49
9,7
9,51
11,41
11,43
11,49
13,5
13,41
15,3
15,39
15,41
17,33
19,3
19,23
19,27
19,33
21,5
21,7
21,11
21,13
21,15
21,29
21,31
"F",103,4856,4905
2,35
2,37
2,43
4,33
4,39
4,41
6,31
6,37
8,29
10,19
10,21
10,27
12,15
12,23
12,27
12,37
12,45
14,13
14,21
14,25
14,37
14,41
14,43
14,49
16,11
16,23
16,45
16,47
16,51
18,9
18,39
18,41
20,9
20,37
22,7
24,7
26,5
26,33
28,17
28,19
28,25
28,29
28,31
30,5
30,11
30,13
30,15
30,21
30,23
32,7
"F",104,4906,4962
1,37
1,39
5,35
5,37
7,31
7,33
7,37
9,29
9,37
11,29
15,27
15,35
17,27
17,45
19,27
19,37
19,43
19,49
21,37
21,39
21,45
21,47
21,49
23,13
23,15
23,17
23,25
23,41
23,43
25,11
25,19
25,39
27,37
29,35
33,9
35,9
35,23
35,27
35,29
35,33
37,7
37,23
37,31
39,7
39,27
41,7
41,13
41,15
41,17
41,21
41,25
43,9
43,11
43,21
43,25
45,19
45,23
"F",105,4963,5019
4,35
6,27
6,29
6,31
6,33
6,37
8,37
10,35
12,25
12,35
14,25
14,35
16,25
16,35
16,45
16,47
16,49
18,11
18,13
18,17
18,25
18,37
18,41
18,51
20,11
20,15
20,43
20,45
22,17
22,41
24,17
24,19
24,21
24,37
26,35
32,9
32,23
32,25
32,27
34,9
34,23
34,29
34,31
34,33
36,7
36,25
38,7
38,17
38,19
40,9
40,11
40,13
40,21
40,25
42,19
42,23
44,21
"F",106,5020,5077
4,35
4,37
6,27
6,29
6,31
6,33
6,37
8,25
8,37
10,25
12,25
14,35
16,45
18,37
18,43
18,49
20,23
20,37
20,39
20,45
20,47
20,49
22,13
22,15
22,17
22,23
22,41
22,43
24,19
24,39
26,11
26,37
28,11
28,35
30,11
32,9
34,9
34,23
34,27
34,29
34,33
36,7
36,23
36,31
38,7
38,27
40,7
40,13
40,15
40,17
40,21
40,25
42,9
42,11
42,21
42,25
44,19
44,23
"F",107,5078,5136
2,35
2,37
4,35
4,37
6,27
6,29
6,31
6,33
8,25
8,37
10,25
10,35
12,35
14,35
16,35
16,45
16,47
16,49
18,23
18,37
18,41
18,51
20,17
20,23
20,43
20,45
22,15
22,17
22,23
22,41
24,13
24,17
24,19
24,21
24,37
26,35
30,11
32,9
32,23
32,25
32,27
34,9
34,23
34,29
34,31
34,33
36,7
36,25
38,7
38,17
38,19
40,9
40,11
40,13
40,21
40,25
42,19
42,23
44,21
"F",108,5137,5203
2,29
2,31
4,27
4,29
6,27
6,29
8,29
10,25
10,31
12,25
12,33
14,25
14,35
16,15
16,25
18,13
18,15
18,21
18,33
20,13
20,15
20,21
20,33
22,17
22,21
24,19
24,21
24,35
26,13
26,19
26,21
26,33
28,13
28,21
28,31
30,9
30,33
30,43
30,47
30,49
32,9
32,31
32,37
32,41
32,51
34,7
34,31
34,35
34,45
36,5
36,41
36,43
38,5
38,39
40,7
40,21
40,23
40,37
42,11
42,19
42,25
42,31
44,13
44,15
44,19
44,27
44,29
"F",109,5204,5256
2,27
4,25
4,27
6,23
8,23
10,27
12,29
14,31
16,31
18,17
18,21
18,31
20,17
20,21
22,17
22,19
22,21
24,17
24,31
26,15
26,31
28,33
28,45
30,13
30,43
30,49
32,11
32,31
32,39
32,47
32,49
32,51
34,11
34,33
34,37
34,43
36,9
38,7
38,41
40,9
40,25
40,27
40,29
40,39
42,11
42,23
42,31
42,33
42,37
44,15
44,35
46,19
46,21
"F",110,5257,5310
3,23
5,21
5,23
7,19
7,23
9,19
9,25
11,19
11,27
13,19
13,29
15,19
17,27
19,19
19,27
21,27
23,17
23,27
25,15
25,29
27,31
29,13
29,43
29,49
31,13
31,43
31,51
33,13
33,33
33,41
33,47
35,35
35,39
35,45
37,11
37,37
37,43
39,27
39,29
39,43
41,11
41,17
41,25
41,33
41,35
41,41
43,13
43,19
43,25
45,19
45,27
47,19
47,25
49,23
"F",111,5311,5362
1,19
3,17
3,19
5,15
5,19
7,15
7,19
9,21
11,23
13,15
15,15
17,17
21,25
23,17
23,25
25,13
25,29
25,31
27,11
27,31
27,43
27,45
27,51
29,11
29,31
29,41
29,47
29,49
31,33
31,39
33,37
33,45
35,45
37,45
39,29
39,31
39,43
41,13
41,27
41,33
41,35
41,41
43,15
43,17
43,19
43,27
45,21
45,29
47,21
47,27
49,23
49,25
"F",112,5363,5418
2,11
2,13
4,9
8,7
8,13
10,7
10,15
12,7
12,17
14,17
16,9
18,11
18,17
20,11
20,19
20,27
22,11
22,25
22,45
22,51
24,7
24,21
24,25
24,39
24,41
24,43
24,47
24,49
26,5
26,21
26,29
26,37
28,23
28,31
28,35
30,7
30,33
30,45
32,9
32,45
34,11
34,45
36,11
36,43
38,11
38,25
38,27
38,29
38,33
40,13
40,25
42,19
42,27
44,29
46,23
46,27
"F",113,5419,5475
1,9
3,7
5,11
7,11
9,13
11,15
13,7
13,15
15,7
15,15
17,9
17,17
19,9
21,9
21,19
21,27
23,21
23,25
23,47
23,49
25,7
25,25
25,43
25,49
27,5
27,29
27,31
27,43
27,49
29,41
29,47
29,49
31,5
31,33
31,37
31,39
31,45
33,9
33,11
35,11
35,43
37,11
37,29
37,31
37,37
37,39
37,41
39,13
39,33
39,35
41,19
41,27
43,21
43,23
43,29
45,25
45,27
"F",114,5476,5540
1,5
3,3
7,7
9,7
11,9
13,1
13,9
15,1
15,9
17,3
17,11
19,3
19,15
21,17
23,19
23,25
23,27
25,21
25,23
25,27
27,3
27,21
27,23
27,27
27,45
27,47
27,49
29,3
29,27
29,43
29,49
31,3
31,31
31,41
31,49
33,1
33,33
33,39
33,41
33,51
35,3
35,35
35,37
35,43
35,45
37,5
37,7
37,9
37,41
39,9
39,25
39,31
39,39
41,11
41,13
41,15
41,25
41,35
41,37
43,17
43,21
43,27
45,23
47,25
47,27
"F",115,5541,5606
2,3
2,5
4,3
6,3
6,7
8,3
8,7
10,3
10,9
12,9
14,1
14,11
16,1
16,13
18,3
18,15
20,3
20,17
22,19
24,21
26,3
26,25
26,29
26,31
28,3
28,31
30,31
32,1
32,31
34,33
34,35
34,47
34,53
36,39
36,43
36,55
38,3
38,5
38,41
38,57
40,11
40,13
40,51
40,53
40,55
40,59
42,17
42,31
42,33
42,35
42,45
42,47
42,57
44,19
44,23
44,25
44,31
44,37
44,39
44,41
44,43
46,21
46,27
46,33
48,31
48,33
"F",116,5607,5673
2,2
4,2
4,4
6,6
8,8
10,10
12,2
12,12
14,2
14,14
16,2
16,16
18,4
18,18
20,4
20,20
22,22
24,24
24,26
24,28
24,32
26,4
26,32
28,4
28,32
30,2
32,2
32,34
34,34
34,36
34,38
36,40
36,42
36,50
36,52
38,4
38,6
38,44
38,46
38,48
38,54
40,12
40,14
40,56
40,58
42,20
42,62
44,22
44,24
44,26
44,28
44,38
44,40
44,46
44,48
44,50
44,52
44,54
44,56
44,64
46,30
46,32
46,34
46,38
46,42
46,62
46,64
"F",117,5674,5740
3,1
3,3
5,3
5,5
7,3
7,7
7,9
9,3
9,11
11,3
11,13
13,3
13,15
15,3
15,17
17,3
17,19
19,5
19,21
21,23
21,25
23,33
23,35
25,5
25,27
25,31
27,5
27,29
27,35
29,3
29,35
31,3
31,39
31,41
33,3
33,45
33,47
35,5
35,51
35,53
37,5
37,55
39,13
39,15
39,17
39,19
39,21
39,55
41,25
41,55
41,57
43,27
43,45
43,47
43,49
43,59
43,61
45,35
45,43
45,55
45,57
45,65
47,59
47,61
47,63
47,67
49,65
"F",118,5741,5795
2,7
4,5
8,9
10,11
12,11
14,3
14,11
16,5
16,13
18,5
18,15
20,17
22,19
24,21
24,27
24,29
26,5
26,23
26,25
28,5
30,5
30,31
30,43
30,49
32,33
32,41
32,51
34,5
34,35
34,47
34,49
34,51
36,7
36,37
36,39
38,27
38,29
38,43
40,13
40,27
40,33
40,35
40,43
42,15
42,17
42,21
42,23
42,29
42,37
42,41
44,19
44,25
44,31
46,27
46,31
"F",119,5796,5854
2,13
2,15
4,15
6,15
8,11
10,17
12,17
14,11
14,19
16,11
16,21
18,11
20,23
22,13
22,23
24,13
24,23
24,27
24,29
26,13
26,23
26,25
26,33
28,7
28,13
28,31
30,9
30,31
30,43
30,49
32,5
32,33
32,51
34,7
34,11
34,35
34,39
34,47
34,49
34,51
36,43
36,51
38,11
38,27
38,29
38,31
40,11
40,27
40,35
40,41
42,13
42,15
42,17
42,23
42,25
42,29
42,37
44,27
44,31
"F",120,5855,5919
1,23
3,21
7,19
7,25
9,17
9,25
11,17
11,25
13,17
13,27
15,17
15,27
17,17
17,27
19,19
19,27
21,21
21,27
23,21
23,27
25,19
25,21
25,27
25,29
25,31
27,7
27,9
27,17
27,33
29,7
29,11
29,13
29,15
29,35
29,45
29,49
31,9
31,43
31,51
33,35
33,39
33,41
33,47
33,49
33,51
35,45
35,51
37,9
37,43
39,9
39,23
39,25
39,33
39,35
39,37
39,39
39,41
41,11
41,13
41,15
41,19
41,21
41,27
41,29
41,33
"F",121,5920,5965
1,33
3,31
5,29
7,35
9,35
11,27
11,37
13,27
15,37
19,25
21,17
21,37
23,13
23,15
23,37
25,11
25,37
25,47
25,49
27,11
27,35
27,43
27,45
27,51
29,35
29,37
29,39
29,51
31,9
31,43
31,45
31,51
33,7
33,41
35,9
35,23
35,25
35,31
35,35
35,37
35,39
37,11
37,17
37,19
37,21
37,29
"F",122,5966,6008
2,39
2,41
4,37
6,35
8,41
10,33
10,43
12,31
12,43
14,23
14,27
14,29
16,13
16,15
16,17
16,43
18,11
18,43
20,9
20,43
20,47
20,49
22,51
24,51
26,7
26,47
26,49
26,51
28,7
28,39
28,41
28,43
28,45
28,51
30,9
30,11
30,13
30,31
32,15
32,17
32,19
32,27
32,29
"F",123,6009,6041
1,17
1,21
1,23
3,11
3,13
3,47
5,9
7,7
7,49
9,7
9,51
11,5
11,51
13,51
15,5
15,51
17,13
17,49
17,51
19,15
19,17
19,19
19,27
19,29
19,31
19,33
19,35
19,37
19,39
19,41
19,43
19,45
19,47
"F",124,6042,6084
2,19
2,21
2,23
2,25
2,27
2,29
2,47
2,49
2,51
4,13
4,15
4,17
4,51
6,9
6,49
8,9
10,9
12,7
14,5
16,7
18,9
18,11
18,49
20,13
20,15
20,17
20,19
20,35
20,37
20,39
20,41
20,43
20,45
20,47
20,51
22,23
22,27
22,49
22,51
24,25
24,31
24,51
26,29
"F",125,6085,6125
2,29
2,47
2,49
2,51
4,27
4,31
4,41
4,43
4,45
4,51
6,19
6,31
6,33
6,35
6,37
6,49
8,11
12,7
12,9
14,5
16,5
18,7
20,9
20,49
22,11
22,51
24,15
24,17
24,31
24,41
24,43
24,45
24,47
24,49
24,51
26,19
26,21
26,23
26,25
26,31
28,29
"F",126,6126,6167
1,49
1,51
3,19
3,21
3,45
3,47
3,51
5,17
5,23
5,25
5,27
5,29
5,31
5,33
5,35
5,37
5,39
5,41
5,51
7,13
7,15
9,11
11,9
13,7
13,47
15,47
17,7
17,47
19,9
19,47
21,9
21,51
23,11
23,13
23,19
23,45
23,47
23,51
25,15
25,17
25,49
25,51
"F",127,6168,6207
1,49
1,51
3,19
3,21
3,45
3,47
3,51
5,17
5,23
5,39
5,41
5,51
7,13
7,15
9,11
11,9
13,7
17,7
17,47
19,9
19,11
19,47
21,11
21,51
23,13
23,19
23,45
23,47
23,51
25,9
25,11
25,13
25,49
25,51
27,17
27,19
29,9
29,11
29,13
29,15
"F",128,6208,6263
2,47
2,49
2,51
4,17
4,21
4,41
4,43
4,45
4,51
6,13
6,15
6,23
6,25
6,27
6,29
6,31
6,33
6,35
6,37
6,49
8,11
10,9
12,7
16,7
18,9
18,11
20,11
20,49
22,11
22,17
22,19
22,21
22,23
22,25
22,27
22,29
22,31
22,33
22,35
22,37
22,39
22,41
22,43
22,45
22,51
24,47
24,49
24,51
26,11
28,11
28,17
30,11
32,15
34,15
36,13
36,15
"F",129,6264,6313
2,47
2,49
2,51
4,17
4,21
4,41
4,43
4,45
4,51
6,13
6,15
6,35
6,37
6,49
8,11
8,47
10,9
12,7
12,47
14,47
16,7
16,47
18,9
18,11
20,11
20,49
22,11
22,17
22,19
22,21
22,23
22,25
22,51
24,37
24,39
24,41
24,43
24,45
24,47
24,49
24,51
28,11
28,17
30,11
30,17
32,11
34,15
36,15
42,13
42,15
"F",130,6314,6347
2,19
2,21
2,49
2,51
4,15
4,17
4,51
6,11
6,51
8,9
10,9
12,7
14,5
16,7
18,9
18,11
18,49
20,13
20,15
20,17
20,35
20,37
20,39
20,41
20,43
20,45
20,47
20,51
22,19
22,49
22,51
24,51
26,21
26,23
"F",131,6348,6385
2,51
4,49
4,51
6,35
6,39
6,41
6,43
6,45
6,47
6,49
6,51
8,29
8,31
8,51
10,27
10,51
12,51
14,25
14,51
16,51
18,25
18,51
20,27
20,51
22,27
22,51
24,27
24,29
24,39
24,41
24,43
24,45
24,47
24,51
26,31
26,33
26,37
28,35
"F",132,6386,6428
1,51
3,49
3,51
5,33
5,37
5,39
5,41
5,43
5,45
5,47
5,49
5,51
7,29
7,31
7,51
9,27
9,51
11,51
13,25
13,51
15,51
17,25
17,51
19,27
19,51
21,29
21,51
23,31
23,37
23,39
23,41
23,43
23,45
23,47
23,51
25,37
27,27
27,29
27,31
27,37
29,27
29,33
29,35
"F",133,6429,6458
1,51
3,35
3,37
3,49
3,51
5,31
5,33
5,51
7,29
7,51
9,27
9,51
11,51
13,25
13,51
15,51
17,25
17,27
17,51
19,29
19,51
21,29
21,51
23,29
27,29
27,35
29,29
33,33
37,31
37,33
"F",134,6459,6490
1,51
3,35
3,37
3,49
3,51
5,31
5,33
5,51
7,29
7,51
9,27
9,51
11,51
13,25
13,51
15,51
17,25
17,27
17,51
19,29
19,51
21,29
21,51
23,29
27,29
29,29
29,35
31,29
35,33
37,33
39,31
39,33
"F",135,6491,6551
2,25
2,31
4,23
4,33
6,21
6,27
8,19
10,17
12,17
14,9
14,11
14,15
14,27
16,9
16,11
16,13
16,29
18,31
22,9
22,29
24,9
24,29
26,7
26,29
26,39
26,41
26,45
26,47
26,49
28,5
28,29
28,35
28,51
30,3
30,29
30,45
30,47
32,1
32,43
34,1
34,39
36,3
36,19
36,21
36,23
36,25
36,37
38,15
38,27
38,33
40,7
40,27
40,31
42,5
42,7
42,15
44,15
46,5
46,7
46,9
46,11
"F",136,6552,6626
3,19
3,21
5,21
7,17
7,21
9,17
9,21
11,21
13,15
13,23
15,15
15,23
17,15
17,25
19,23
21,13
21,23
23,21
25,5
25,11
25,21
27,3
27,5
27,11
29,3
29,5
31,9
31,21
33,1
33,23
35,1
35,25
35,39
35,41
35,45
35,47
35,49
37,27
37,33
37,49
39,27
39,29
39,33
39,45
41,3
41,41
41,43
43,3
43,39
45,3
45,35
47,3
47,17
47,25
47,31
49,5
49,31
51,7
51,15
51,27
51,29
53,13
55,13
57,9
57,13
59,9
59,13
61,13
63,9
63,13
65,9
65,13
67,9
67,13
69,11
"F",137,6627,6708
1,13
1,17
3,15
7,23
11,21
13,21
15,25
17,19
17,25
19,19
21,27
23,17
23,27
25,17
27,25
29,5
29,7
29,15
31,3
31,9
33,3
33,7
33,9
33,13
33,25
35,7
37,27
39,29
39,39
39,41
39,45
39,47
39,55
41,1
41,31
41,37
41,51
41,53
43,3
43,33
43,35
43,37
43,47
45,5
45,7
45,43
45,45
47,7
47,41
49,7
49,23
49,25
49,27
49,37
49,39
51,7
51,21
51,29
51,35
53,9
53,19
53,31
53,33
55,11
55,17
57,17
59,13
59,17
61,13
61,17
63,13
63,17
67,17
69,13
69,17
71,13
73,13
73,17
75,13
75,17
77,13
77,17
"F",138,6709,6778
2,2
2,4
4,6
6,8
8,2
8,10
10,2
12,12
14,14
16,2
16,14
20,16
24,18
24,24
24,30
26,18
26,20
26,22
26,32
26,44
26,46
26,48
28,2
28,32
28,42
28,50
30,42
30,46
32,32
32,42
32,48
32,54
34,2
34,34
34,40
34,52
34,54
36,4
36,36
36,38
36,40
36,48
36,50
38,6
38,8
38,48
40,10
40,12
40,28
40,30
40,32
40,34
40,46
42,14
42,28
42,36
42,38
42,44
44,16
44,26
44,42
48,18
50,20
50,26
50,28
52,22
52,24
52,30
54,28
54,30
"F",139,6779,6860
2,2
4,4
6,6
8,8
10,10
12,12
12,48
12,52
14,14
14,46
14,52
14,56
14,58
16,2
16,16
16,30
16,32
16,34
16,46
16,58
18,2
18,18
18,28
18,36
18,46
18,56
20,4
20,20
20,26
20,36
20,46
22,6
22,22
22,24
22,36
22,38
22,46
22,54
24,8
24,42
24,44
24,46
26,8
28,8
28,52
30,8
30,40
30,42
30,44
30,46
30,48
32,8
32,38
34,38
36,10
36,12
36,38
38,14
38,16
38,18
38,20
38,22
38,24
38,38
40,28
40,30
40,40
42,34
42,36
42,38
42,42
42,44
44,40
44,46
46,42
46,46
48,44
48,48
48,50
50,46
50,50
52,48
"F",140,6861,6934
3,2
3,4
5,2
5,6
7,2
7,8
9,2
9,10
11,2
11,12
11,50
11,54
13,2
13,14
13,48
13,56
13,58
15,2
15,16
15,30
15,32
15,34
15,46
15,58
17,18
17,28
17,36
17,56
19,4
19,20
19,26
19,36
19,46
21,6
21,22
21,24
21,36
21,38
21,46
21,54
23,8
23,42
23,44
23,46
27,52
29,40
29,42
29,44
29,46
29,48
33,10
35,10
37,14
39,16
39,18
39,26
39,28
39,40
41,32
41,34
41,42
43,40
43,44
45,42
45,46
47,44
47,48
49,46
49,50
51,48
51,52
53,50
53,54
55,54
"F",141,6935,7003
1,16
3,14
5,12
5,18
9,10
9,20
13,8
13,22
15,8
17,8
17,24
21,26
25,28
27,4
27,34
29,4
29,6
29,8
29,30
29,32
29,36
33,6
33,38
35,8
35,38
35,40
37,12
37,42
39,16
41,20
41,44
43,20
43,24
43,26
45,20
45,24
45,46
45,48
47,20
47,24
47,28
47,50
49,22
49,28
49,50
51,36
51,40
51,50
53,30
53,40
53,46
55,34
55,42
55,48
57,44
57,50
59,46
59,50
61,52
63,48
63,54
65,50
65,56
67,52
67,58
69,54
69,60
71,56
71,60
"F",142,7004,7073
1,19
1,21
3,17
3,23
5,7
5,15
5,23
7,5
7,9
7,13
7,23
7,25
7,27
7,33
7,39
7,41
9,5
9,33
9,37
9,43
9,45
11,5
11,33
11,35
11,45
13,7
13,11
13,13
13,45
15,13
15,45
17,45
19,11
19,45
21,33
21,35
21,45
23,9
23,29
23,45
25,9
25,29
25,37
25,39
25,41
25,47
27,29
27,45
27,47
29,31
31,33
31,35
31,43
33,9
33,45
35,11
35,27
35,29
35,33
35,35
35,47
37,13
37,23
37,25
37,39
39,17
39,19
39,43
39,47
41,45
"F",143,7074,7159
1,25
1,27
1,29
3,21
3,23
3,33
5,19
5,35
7,13
7,15
7,37
9,3
9,11
9,39
11,1
11,3
11,11
13,1
13,3
13,5
13,9
13,41
15,3
15,7
15,9
15,13
15,15
15,43
15,49
15,51
15,53
15,59
17,3
17,17
17,19
17,21
17,45
17,47
17,61
19,5
19,11
19,23
19,27
19,29
19,63
21,23
21,29
21,47
21,49
21,61
21,63
23,25
23,29
23,35
23,41
23,43
23,45
25,29
25,33
27,27
27,33
29,25
29,33
31,25
31,33
33,23
33,33
35,23
35,33
37,23
37,33
39,25
41,27
41,35
43,29
43,31
43,35
43,37
43,39
43,41
45,33
45,35
45,43
47,39
47,41
47,45
"F",144,7160,7188
2,63
4,27
4,29
4,31
4,33
4,51
4,53
4,55
4,57
4,59
4,63
6,25
6,63
8,23
8,63
10,19
10,63
12,17
12,63
14,17
14,63
16,19
16,63
18,63
20,23
20,63
22,59
22,61
22,63
"F",145,7189,7219
2,63
4,27
4,29
4,31
4,33
4,35
4,37
4,51
4,53
4,55
4,57
4,59
4,63
6,25
6,63
8,23
8,63
10,19
10,63
12,17
12,63
14,17
14,63
16,19
16,63
18,63
20,23
20,63
22,59
22,61
22,63
"F",146,7220,7250
2,63
4,27
4,29
4,31
4,33
4,35
4,37
4,51
4,53
4,55
4,57
4,59
4,63
6,23
6,63
8,23
8,63
10,19
10,63
12,17
12,63
14,17
14,63
16,19
16,63
18,63
20,23
20,63
22,59
22,61
22,63
"F",147,7251,7284
2,35
2,37
2,63
4,27
4,29
4,41
4,43
4,45
4,47
4,49
4,51
4,53
4,55
4,57
4,59
4,63
6,23
6,63
8,23
8,63
10,19
10,63
12,17
12,63
14,17
14,63
16,19
16,63
18,63
20,23
20,63
22,59
22,61
22,63
"F",148,7285,7329
1,33
1,63
3,29
3,31
3,63
5,27
5,63
7,25
7,63
9,23
9,63
11,23
11,63
13,19
13,21
13,63
15,17
15,63
17,63
19,17
19,63
21,19
21,21
21,63
23,23
23,63
25,25
25,27
25,29
25,31
25,33
25,39
25,41
25,43
25,45
25,47
25,49
25,51
25,53
25,55
25,57
25,59
25,63
27,61
27,63
"F",149,7330,7376
2,23
2,25
4,63
6,31
6,33
6,35
6,37
6,39
6,41
6,43
6,45
6,47
6,49
6,51
6,53
6,55
6,57
6,59
6,61
6,63
8,63
10,23
10,63
12,23
12,63
14,63
16,63
18,63
20,19
20,63
22,17
22,63
24,17
24,63
26,19
26,63
28,63
30,23
30,63
32,33
32,35
32,37
32,39
32,41
32,59
32,61
32,63
"F",150,7377,7426
2,17
2,19
2,21
2,23
2,63
4,19
4,25
4,27
4,29
4,53
4,55
4,57
4,63
6,21
6,63
8,21
8,63
10,23
10,63
12,23
12,63
14,63
16,63
18,63
20,19
20,21
20,63
22,17
22,63
24,63
26,17
26,63
28,19
28,21
28,63
30,23
30,63
32,25
32,27
32,29
32,31
32,33
32,51
32,53
32,55
32,57
32,59
32,63
34,61
34,63
"F",151,7427,7484
1,19
1,63
3,19
3,25
3,57
3,59
3,61
3,63
5,21
5,31
5,33
5,35
5,37
5,39
5,41
5,43
5,45
5,47
5,49
5,51
5,53
5,63
7,63
9,63
11,23
11,63
13,23
13,63
15,63
17,63
19,63
21,19
21,63
23,17
23,63
25,17
25,63
27,19
27,63
29,63
31,23
31,63
33,33
33,35
33,37
33,39
33,41
33,43
33,45
33,47
33,49
33,51
33,53
33,55
33,57
33,59
33,61
33,63
"F",152,7485,7539
2,19
2,21
2,23
2,25
2,63
4,19
4,25
4,27
4,29
4,31
4,53
4,55
4,57
4,63
6,21
6,63
8,63
10,23
10,63
12,23
12,63
14,63
16,63
18,63
20,19
20,21
20,63
22,17
22,63
24,63
26,17
26,63
28,19
28,21
28,63
30,23
30,63
32,25
32,27
32,29
32,31
32,33
32,41
32,43
32,45
32,47
32,49
32,51
32,53
32,55
32,57
32,59
32,63
34,61
34,63
"F",153,7540,7609
2,35
2,43
2,45
4,31
4,35
4,37
4,39
4,41
4,43
4,49
6,19
6,21
6,23
6,25
6,31
6,39
6,41
6,49
6,63
8,19
8,25
8,27
8,29
8,31
8,33
8,35
8,45
8,47
8,49
8,53
8,55
8,57
8,63
10,21
10,63
12,21
12,63
14,63
16,21
16,63
18,63
20,63
22,63
24,19
24,21
24,63
26,17
26,63
28,63
30,17
30,63
32,19
32,21
32,63
34,23
34,63
36,25
36,27
36,29
36,31
36,33
36,49
36,51
36,53
36,55
36,57
36,59
36,63
38,61
38,63
"F",154,7610,7712
2,12
2,14
4,14
4,16
4,18
4,22
6,16
6,24
6,26
6,28
6,30
6,34
8,18
8,32
8,36
8,38
8,40
8,42
10,20
10,44
10,60
10,62
12,22
12,44
12,58
12,62
14,24
14,46
14,54
14,64
16,6
16,8
16,14
16,26
16,46
16,52
16,56
16,66
16,68
16,70
18,4
18,18
18,20
18,24
18,26
18,48
18,50
18,70
20,6
20,8
20,48
20,50
20,70
20,82
20,84
20,90
20,94
20,96
22,10
22,12
22,72
22,98
24,14
24,76
24,80
24,90
24,92
26,18
26,88
28,20
28,68
28,70
28,86
30,24
30,66
30,72
30,84
32,26
32,28
32,50
32,52
32,64
32,74
32,82
34,30
34,48
34,54
34,62
34,76
34,78
36,32
36,34
36,48
36,56
36,62
38,36
38,48
38,58
38,60
40,38
40,48
42,42
42,48
"F",155,7713,7777
2,15
2,21
2,25
2,27
4,19
4,23
6,11
6,25
8,11
8,23
10,9
10,23
12,9
12,25
12,29
12,31
14,9
14,25
14,29
14,33
16,25
16,29
16,35
18,25
18,29
18,37
18,53
18,55
18,57
20,11
20,29
20,37
20,49
20,59
20,61
22,11
22,39
22,49
22,63
24,43
24,45
24,47
24,55
24,57
26,13
26,53
28,13
28,51
30,33
30,35
30,49
32,15
32,31
32,35
32,39
32,41
32,47
34,15
34,29
34,45
36,17
36,21
36,27
38,19
38,25
"F",156,7778,7826
1,53
3,47
3,51
5,35
5,49
5,51
7,37
7,39
7,43
7,49
7,51
9,41
11,35
11,53
13,35
13,53
15,35
15,53
17,51
19,51
21,31
21,49
23,27
23,31
23,35
23,49
23,51
23,55
23,57
23,63
25,25
25,31
25,35
25,59
27,25
27,57
29,55
31,23
33,53
37,47
37,49
37,51
39,43
41,25
41,31
41,41
41,43
43,27
43,29
"F",157,7827,7883
3,59
3,61
5,37
5,51
5,53
5,57
5,61
7,39
7,41
7,47
7,49
7,51
7,55
9,43
9,45
9,47
9,59
11,37
13,37
13,57
15,37
15,55
17,37
17,53
19,37
19,51
21,31
21,37
21,49
23,27
23,31
23,51
23,55
23,57
23,63
25,25
25,31
25,35
25,59
27,25
27,57
29,55
31,23
33,53
35,43
35,45
37,43
37,47
37,49
37,51
39,43
41,25
41,31
43,27
43,29
43,39
43,41
"F",158,7884,7924
2,25
2,29
4,27
4,31
6,27
6,33
8,25
8,27
8,35
10,37
12,37
14,41
14,43
14,45
16,49
18,23
18,51
18,53
18,61
20,23
20,57
20,59
20,61
20,63
22,23
22,61
24,57
24,59
26,53
28,51
30,25
30,49
32,23
32,27
32,41
32,43
32,45
32,47
34,31
34,37
34,39
"F",159,7925,7970
2,51
4,23
4,31
4,33
4,35
4,49
4,53
6,21
6,23
6,25
6,39
6,41
6,43
8,45
8,47
8,49
8,53
10,25
10,55
12,17
12,21
12,23
12,55
12,57
14,17
14,59
14,61
16,63
18,63
20,19
20,59
20,61
22,19
24,55
26,39
26,41
26,43
26,45
26,47
26,51
28,29
28,31
28,49
30,19
30,23
30,25
"F",160,7971,8017
2,31
2,33
2,35
6,29
6,35
8,29
8,35
10,35
12,37
14,29
14,39
14,41
14,43
14,45
16,31
16,33
16,55
16,57
18,33
18,59
20,33
22,61
24,33
24,61
28,59
30,29
30,31
30,57
32,25
32,55
34,27
36,29
36,55
36,57
36,59
38,31
38,33
38,61
40,39
40,41
40,47
40,59
40,63
42,41
42,45
42,61
44,43
"F",161,8018,8067
2,23
2,25
2,27
2,37
2,39
4,21
4,43
6,17
6,19
6,21
6,45
8,15
8,47
10,15
10,49
12,15
12,51
14,53
16,15
16,21
16,55
18,17
18,27
18,29
18,31
18,35
18,53
20,17
20,19
20,35
20,53
20,55
20,57
20,59
22,35
22,61
24,35
24,37
24,41
24,49
24,57
24,59
24,63
26,43
26,49
26,61
28,45
28,51
30,47
30,51
"F",162,8068,8107
2,27
2,29
2,31
4,25
4,33
6,23
6,27
6,33
6,35
10,21
10,37
12,21
12,43
12,45
12,51
12,53
12,55
16,21
16,61
18,21
18,61
20,21
20,53
22,53
24,23
24,53
26,25
26,33
26,35
28,29
28,31
28,39
28,41
28,55
30,45
30,57
32,49
34,55
36,51
36,53
"F",163,8108,8148
1,31
3,33
5,25
5,29
7,23
7,35
9,21
9,37
9,39
9,41
11,21
11,43
13,23
13,45
13,47
13,49
13,51
13,57
13,59
13,61
15,21
15,53
15,61
17,21
17,55
17,57
21,23
23,25
23,51
27,27
27,49
29,29
29,47
31,31
31,45
33,33
33,45
35,35
37,39
37,41
37,45
"F",164,8149,8204
2,35
2,37
4,25
4,27
4,29
4,37
6,23
6,45
6,47
6,49
6,51
8,21
8,55
10,19
10,57
12,17
12,19
12,57
14,15
14,59
16,13
16,61
18,51
20,15
20,51
20,53
22,17
22,21
22,23
22,29
22,31
22,33
22,55
22,57
22,59
24,17
24,19
24,21
24,35
24,61
26,17
26,37
26,39
26,59
26,61
26,63
28,41
28,57
30,45
30,59
32,49
32,51
32,59
34,53
34,55
36,57
"F",165,8205,8253
1,27
1,29
3,21
3,23
3,35
3,37
5,19
5,41
5,43
7,47
7,49
7,57
7,59
7,63
9,19
9,63
11,63
13,23
13,61
15,25
17,27
19,29
19,59
21,29
23,31
23,57
25,53
25,55
25,63
27,31
27,51
27,57
27,59
27,63
29,35
29,39
29,49
29,61
29,63
31,39
31,49
31,63
33,41
33,49
35,43
35,49
39,45
39,47
39,49
"F",166,8254,8323
1,35
1,37
3,25
3,27
3,29
3,31
3,41
3,43
3,45
5,23
5,47
7,21
7,49
11,19
11,49
13,19
13,49
15,17
15,49
17,49
19,15
19,53
19,55
21,59
23,51
23,53
23,57
23,59
25,43
25,45
25,51
25,53
27,47
27,55
29,23
29,25
29,43
29,51
29,59
29,61
31,21
31,29
31,31
31,33
31,57
31,63
33,17
33,21
33,33
33,45
33,61
33,63
35,19
35,35
35,47
35,63
37,35
37,47
39,35
39,49
41,37
41,39
43,41
43,43
43,51
45,47
45,53
47,49
47,53
49,53
"F",167,8324,8376
1,53
1,55
1,57
3,47
3,49
3,59
5,45
5,55
5,57
5,59
7,29
7,43
7,53
7,59
7,61
9,27
9,31
9,39
9,53
9,57
9,63
11,25
11,29
11,35
11,53
11,55
11,63
13,23
13,27
13,33
15,21
15,27
15,31
15,61
17,23
17,57
19,23
21,23
23,59
25,57
27,25
27,53
27,55
29,25
29,45
29,47
29,49
31,27
31,33
31,43
33,37
33,39
33,41
"F",168,8377,8441
1,47
3,43
3,47
5,41
5,47
7,39
9,49
11,37
11,49
13,37
13,49
15,51
17,35
17,51
19,33
19,35
21,31
21,59
21,61
23,31
23,57
23,63
25,29
25,51
25,55
25,59
25,61
27,49
27,55
29,29
29,47
29,55
29,57
31,29
31,45
31,53
31,57
33,29
33,43
33,57
35,23
35,25
35,27
35,47
35,51
35,57
35,59
37,21
37,49
37,51
37,61
39,57
39,59
41,21
41,23
41,55
45,29
45,51
45,53
47,31
47,33
47,47
49,39
51,43
51,45
"F",169,8442,8495
1,27
1,29
3,21
3,23
3,27
3,37
3,39
3,41
3,43
5,19
5,45
5,63
7,19
7,51
7,53
7,55
7,57
7,59
7,63
9,23
9,63
11,23
11,61
13,25
13,61
15,27
17,29
19,31
21,31
21,55
23,53
23,55
23,57
25,31
25,33
25,37
25,51
25,57
25,59
25,63
27,39
27,49
27,61
27,63
29,49
29,63
31,41
31,49
33,43
33,49
35,45
35,49
37,47
37,49
"F",170,8496,8534
1,63
3,35
3,37
3,39
3,41
3,43
3,45
3,47
3,49
3,51
3,63
5,25
5,63
7,63
9,19
9,21
9,23
9,63
11,17
11,63
13,17
13,63
15,19
15,21
15,23
15,63
17,63
19,25
19,63
21,45
21,47
21,49
21,51
21,53
21,55
21,57
21,59
21,61
21,63
"F",171,8535,8715
2,48
2,50
2,52
4,44
4,46
4,48
6,40
6,42
6,46
8,40
8,44
10,36
10,38
10,42
10,46
10,48
12,34
12,44
12,46
14,32
14,44
16,30
16,42
18,28
18,42
20,26
20,40
22,26
22,38
22,44
22,46
24,24
24,38
24,42
24,44
26,22
26,40
26,42
28,20
30,18
30,40
32,38
34,16
38,14
38,36
40,36
40,42
42,12
42,40
44,10
44,34
44,60
44,62
44,64
46,10
46,32
46,34
46,36
46,56
46,68
48,8
48,32
48,54
48,58
48,68
50,8
50,26
50,28
50,52
50,54
50,62
50,68
52,6
52,24
52,50
52,52
52,62
52,68
54,22
54,48
54,50
54,58
54,60
54,66
56,4
56,28
56,30
56,32
56,34
56,48
56,56
56,66
58,22
58,24
58,36
58,38
58,54
58,68
60,2
60,42
60,44
60,46
60,48
60,50
60,52
60,68
62,2
62,6
62,8
62,66
64,2
64,4
64,66
64,68
66,4
66,10
66,68
68,10
68,68
70,10
70,68
72,68
74,66
76,12
76,66
76,68
78,2
78,4
78,68
80,2
80,4
80,10
80,68
82,6
82,8
82,10
82,68
84,2
84,58
84,60
84,68
86,2
86,56
86,64
86,68
88,4
88,44
88,46
88,48
88,50
88,52
88,54
88,66
88,68
90,6
90,42
92,8
92,38
94,10
94,54
94,56
94,58
96,12
96,64
96,66
98,14
98,52
98,54
98,56
100,18
100,48
102,22
104,26
104,48
106,30
106,32
106,40
106,42
106,44
106,50
106,52
"F",172,8716,8798
1,37
1,39
1,41
1,43
3,31
3,49
5,27
5,53
7,23
7,57
9,19
9,21
9,23
9,25
9,35
9,37
9,43
9,45
9,59
9,63
11,19
11,25
11,27
11,29
11,31
11,33
11,35
11,37
11,39
11,41
11,43
11,45
11,47
11,49
11,51
11,53
11,55
11,57
11,63
13,19
13,63
15,19
15,63
17,63
19,17
19,63
21,17
21,63
23,17
23,63
25,9
25,15
25,63
27,9
27,11
27,13
27,63
29,11
29,63
31,11
31,15
31,63
33,17
33,63
35,19
35,21
35,63
37,23
37,63
39,25
39,27
39,29
39,31
39,33
39,49
39,51
39,53
39,55
39,57
39,59
39,63
41,61
41,63
"F",173,8799,8849
1,43
3,39
3,43
5,37
5,43
7,43
9,35
9,43
11,35
11,45
13,47
15,33
15,49
17,33
17,55
19,33
19,47
19,51
19,55
21,47
21,49
21,53
23,31
23,47
23,49
25,31
25,51
25,55
25,57
25,61
27,29
27,51
27,53
27,61
29,27
29,55
31,25
33,23
33,53
35,51
37,23
37,49
39,25
39,47
41,27
41,45
43,27
45,37
45,39
47,29
47,35
"F",174,8850,8908
2,31
4,33
6,33
8,33
10,29
10,33
12,29
12,33
14,33
16,27
16,33
18,25
18,33
20,23
22,21
22,35
22,55
24,19
24,35
24,51
24,55
26,17
26,37
26,49
26,53
28,17
28,37
28,49
30,37
30,39
30,41
30,47
30,51
30,55
30,57
30,61
32,19
32,47
32,51
32,53
32,61
34,21
34,55
36,21
38,19
38,53
40,51
42,19
42,49
44,21
44,47
46,25
46,27
46,45
48,27
50,37
50,39
52,29
52,35
"F",175,8909,8970
2,21
2,23
4,19
4,21
6,21
8,17
8,21
10,17
10,21
12,17
14,17
14,23
16,17
16,25
18,27
20,27
22,15
22,29
24,15
24,29
26,13
26,29
26,31
26,33
26,35
26,37
26,39
28,13
28,51
28,57
30,55
32,13
32,39
32,41
32,47
32,51
34,13
34,51
34,55
34,57
34,59
34,61
36,13
36,63
38,15
38,53
38,55
38,61
40,17
40,19
40,51
42,47
44,23
44,35
44,37
44,39
44,41
44,43
46,25
46,27
46,31
46,33
"F",176,8971,9036
2,23
2,25
2,27
2,33
2,35
4,21
4,37
6,21
6,41
6,43
6,47
6,49
6,51
6,53
8,21
8,55
10,23
10,47
10,49
10,51
10,53
10,57
12,25
12,47
14,27
14,49
16,51
20,25
20,53
22,27
22,55
24,29
24,57
26,61
28,55
28,57
28,59
28,61
30,29
30,51
30,55
32,29
32,49
32,53
32,57
32,59
32,61
34,31
34,33
34,35
34,49
34,55
34,63
36,51
36,57
36,59
36,61
38,37
38,51
40,39
40,53
42,43
42,45
42,47
42,49
42,51
"F",177,9037,9099
1,21
1,23
1,29
1,31
3,33
5,19
5,43
5,45
5,47
7,19
7,51
9,19
9,41
9,43
9,47
9,49
9,51
11,41
13,17
13,43
15,17
15,21
15,45
17,19
17,23
17,47
17,49
19,25
19,51
21,25
21,53
23,27
23,49
23,51
23,57
25,53
25,55
25,61
27,49
27,57
27,63
29,49
29,59
29,61
31,29
31,51
33,29
33,51
33,53
35,29
35,45
35,49
35,55
37,29
37,43
37,51
37,55
39,39
39,53
39,55
41,35
43,33
45,31
"F",178,9100,9152
1,27
1,29
3,31
5,25
5,33
5,35
7,25
7,37
9,23
9,39
11,23
11,25
11,27
11,41
13,23
13,25
13,29
13,43
15,25
15,31
15,45
17,33
17,47
19,45
19,47
21,33
21,45
23,33
23,47
25,35
25,49
27,35
27,51
27,53
27,55
27,57
27,59
29,35
29,61
31,35
31,63
33,51
33,53
33,55
33,63
35,33
35,49
35,59
37,33
37,39
37,41
37,61
39,35
"F",179,9153,9202
1,29
1,31
3,21
3,25
3,27
3,35
3,37
3,39
5,21
5,41
7,21
7,43
9,45
11,21
11,45
13,43
15,21
15,45
17,25
17,47
19,25
19,49
19,51
21,27
21,55
21,57
23,27
23,61
25,29
25,55
25,57
25,63
27,53
27,61
29,51
31,47
31,49
33,31
35,31
35,37
35,41
35,47
37,31
37,35
37,45
37,49
39,31
39,33
39,47
39,49
"F",180,9203,9254
1,37
1,39
3,29
3,31
3,35
3,43
5,25
5,43
7,25
7,45
9,27
9,43
11,49
13,27
13,49
15,27
15,49
17,29
17,51
19,53
21,55
23,55
25,57
27,51
27,55
27,59
29,29
29,51
29,55
29,61
31,29
31,51
31,59
31,63
33,29
33,45
33,47
33,51
35,43
37,31
37,41
39,31
39,41
39,49
39,53
41,33
41,51
43,35
43,41
43,53
45,39
45,41
"F",181,9255,9315
2,45
2,47
4,43
8,41
8,49
10,41
10,51
12,39
12,53
14,39
14,55
16,21
16,37
18,23
18,37
18,57
18,63
20,19
20,35
20,55
20,61
20,63
22,17
22,23
22,33
22,55
22,57
22,63
24,23
24,31
24,59
24,61
26,21
26,25
26,29
28,21
30,19
30,57
32,57
34,19
34,55
36,21
36,57
36,59
38,23
38,25
38,55
38,61
40,27
40,33
40,35
40,37
40,39
40,41
40,43
40,59
40,63
42,29
42,31
42,61
42,63
"F",182,9316,9389
2,37
4,35
6,39
8,33
8,39
10,33
10,41
14,31
16,31
16,41
18,39
20,27
22,25
24,25
26,25
26,39
26,59
26,61
26,63
28,23
28,41
28,53
28,55
28,57
28,63
30,43
30,47
30,49
30,61
32,55
34,21
34,49
34,51
36,21
36,43
36,45
38,19
38,43
38,45
40,49
40,51
42,19
42,33
42,37
42,39
42,41
42,45
42,53
42,55
44,21
44,47
44,49
44,51
44,57
44,59
44,61
46,21
46,31
46,53
46,55
46,57
46,63
48,23
48,59
48,61
48,63
50,63
52,23
54,23
56,27
58,23
60,23
60,27
62,25
"F",183,9390,9475
1,43
3,29
3,31
3,41
3,45
5,27
5,37
5,39
5,41
5,47
5,51
7,27
7,53
9,27
11,51
13,49
15,19
15,25
15,47
17,17
17,21
17,25
17,45
17,63
19,21
19,25
19,43
19,59
19,63
21,21
21,25
21,43
21,53
21,55
21,63
23,17
23,49
23,51
23,57
23,59
25,43
25,45
25,47
25,53
25,55
27,19
27,51
29,19
29,45
29,47
29,49
31,19
31,33
31,45
33,19
33,31
33,37
33,47
33,49
35,21
35,23
35,25
35,33
35,41
35,51
35,53
37,29
37,31
37,35
37,45
37,55
37,57
39,33
39,35
39,51
39,53
39,63
41,33
41,57
41,59
41,63
43,33
43,35
43,61
43,63
45,63
"F",184,9476,9562
1,47
3,35
3,37
3,45
3,51
5,41
5,43
5,53
7,55
7,57
9,33
9,57
11,33
11,55
13,15
13,31
13,53
15,13
15,29
15,51
15,59
15,61
15,63
17,13
17,17
17,19
17,29
17,47
17,49
17,57
17,63
19,21
19,23
19,27
19,45
19,53
19,59
19,61
19,63
21,15
21,45
21,49
21,51
21,55
21,57
23,19
23,21
23,53
25,21
25,51
27,19
27,33
27,35
27,37
27,45
27,49
29,19
29,39
29,47
31,21
31,41
31,49
33,23
33,25
33,27
33,35
33,45
33,53
33,55
35,31
35,35
35,45
35,57
35,59
35,61
37,33
37,53
37,55
37,63
39,33
39,37
39,59
39,61
39,63
41,35
41,37
41,63
"F",185,9563,9633
1,49
3,41
3,43
3,47
3,53
5,39
5,55
7,39
7,57
9,37
9,59
11,31
11,33
13,17
13,19
13,21
13,23
13,29
13,63
15,15
15,25
15,29
15,63
17,17
17,19
17,27
17,59
17,61
17,63
19,21
19,55
19,57
21,53
23,21
23,51
25,19
25,45
25,49
27,19
27,33
27,35
27,39
27,47
29,21
29,41
29,49
31,23
31,25
31,27
31,35
31,45
31,53
31,55
33,31
33,35
33,45
33,57
33,59
33,61
35,33
35,53
35,55
35,63
37,33
37,37
37,59
37,61
37,63
39,35
39,37
39,63
"F",186,9634,9701
2,51
2,53
2,55
4,45
4,49
4,57
6,31
6,33
6,41
6,43
6,59
8,27
8,29
8,33
8,39
8,59
8,63
10,27
10,37
10,63
12,33
12,63
14,59
16,25
16,55
16,57
18,23
18,53
20,21
20,45
20,47
20,49
20,51
22,19
22,45
24,19
24,35
24,39
24,47
26,21
26,23
26,25
26,43
26,51
26,53
28,27
28,29
28,31
28,35
28,45
28,55
28,57
30,33
30,37
30,47
30,49
30,51
30,63
32,35
32,37
32,57
32,59
32,63
34,35
34,39
34,61
34,63
36,63
"F",187,9702,9765
1,31
3,29
3,33
3,53
3,59
5,29
5,47
5,49
5,61
5,63
7,31
7,41
7,43
7,45
7,63
9,27
9,31
9,33
9,35
9,37
9,59
9,61
9,63
11,25
11,59
13,23
15,21
15,23
15,53
15,55
15,57
15,59
17,19
17,45
17,49
19,19
19,47
21,21
21,35
21,41
21,49
23,25
23,35
23,45
23,53
23,55
25,29
25,33
25,45
25,57
25,59
25,61
27,35
27,37
27,53
27,55
27,63
29,35
29,59
29,61
29,63
31,35
31,37
31,63
"F",188,9766,9811
1,31
1,57
1,59
1,63
3,29
3,33
3,41
3,43
3,45
3,47
3,49
3,51
3,63
5,27
5,63
7,25
7,61
9,23
9,25
11,21
13,19
13,37
15,19
15,35
15,39
15,59
17,21
17,23
17,31
17,35
17,41
17,55
19,33
19,37
19,45
19,59
19,61
21,33
21,35
21,51
21,53
21,63
23,59
23,61
23,63
25,63
"F",189,9812,9854
2,29
2,33
2,37
2,39
2,41
2,43
2,45
2,47
2,49
2,51
2,53
2,57
2,59
2,63
4,27
4,63
6,25
6,61
8,23
8,61
10,21
12,19
14,19
14,25
14,31
14,37
14,39
16,21
16,25
16,31
16,33
16,43
16,45
18,47
18,49
18,63
20,55
20,57
20,59
20,63
22,61
22,63
24,63
"F",190,9855,9890
1,31
1,47
1,49
1,51
1,53
1,55
1,57
1,61
3,25
3,27
3,63
5,23
5,63
7,21
9,21
11,19
11,61
13,17
13,61
15,25
15,27
17,19
17,21
17,37
17,39
17,41
17,43
17,45
17,47
17,63
19,57
19,59
19,63
21,61
21,63
23,63
"F",191,9891,9929
3,27
3,29
3,31
3,33
3,35
3,37
3,39
3,41
3,43
3,45
3,47
3,49
3,51
3,53
3,55
3,57
3,61
5,21
5,23
5,63
7,63
9,19
11,19
13,17
17,17
17,61
19,25
19,27
19,43
19,49
19,51
19,53
19,55
19,63
21,39
21,41
21,61
21,63
23,63
"F",192,9930,9969
1,37
1,39
1,63
3,37
3,39
3,53
3,55
3,63
5,35
5,39
5,51
5,63
7,35
7,37
7,49
7,63
9,37
9,41
9,47
9,63
11,43
11,45
11,63
13,37
13,63
15,35
15,63
17,35
17,63
19,37
19,63
21,39
21,63
23,43
23,63
25,45
25,49
25,59
25,61
25,63
"F",193,9970,10017
1,61
3,59
5,57
5,63
7,55
7,63
9,53
9,61
11,51
11,59
13,49
13,57
15,47
17,47
19,41
19,43
19,45
19,57
21,39
21,59
23,39
23,63
25,63
27,37
27,63
29,35
29,63
31,35
31,63
33,37
33,63
35,37
35,63
37,49
37,59
37,63
39,39
39,45
39,61
39,63
41,41
41,45
43,45
45,45
47,41
49,43
53,41
53,43
"F",194,10018,10071
2,59
2,61
4,57
4,63
6,63
8,53
8,61
10,51
10,59
12,49
12,57
16,45
16,47
18,43
20,41
20,57
22,39
22,59
22,63
24,39
24,63
26,63
28,37
28,63
30,35
30,63
32,35
32,63
34,37
34,39
34,63
36,41
36,49
36,51
36,53
36,55
36,57
36,63
38,43
38,59
38,61
38,63
40,45
40,49
42,47
42,51
44,49
44,53
46,51
46,55
48,53
48,57
50,53
50,55
"F",195,10072,10108
2,57
2,59
6,55
8,49
8,51
10,45
12,35
12,43
14,33
14,37
14,41
14,61
16,37
16,41
18,37
18,41
18,59
20,33
20,57
20,61
24,35
26,35
28,35
30,35
32,37
32,39
32,41
34,45
34,47
34,51
34,53
36,49
36,51
36,59
38,49
40,49
40,51
"F",196,10109,10157
2,57
2,61
2,63
4,63
6,55
6,63
8,51
8,53
8,63
10,47
10,63
12,31
12,33
12,63
14,35
14,45
14,61
16,31
16,39
16,41
16,45
16,59
18,33
18,59
18,61
18,63
20,37
20,63
22,63
24,37
24,63
26,63
28,37
28,63
30,43
30,63
32,49
32,53
32,55
32,57
32,59
32,63
34,51
34,53
34,61
34,63
36,51
38,51
38,53
"F",197,10158,10206
2,61
2,63
4,57
4,63
6,55
6,63
8,47
8,53
8,63
10,33
10,47
10,51
10,53
10,63
12,33
12,39
12,41
12,63
14,33
14,43
14,45
14,63
16,37
16,63
18,39
18,63
20,39
20,63
22,37
22,63
24,63
26,37
26,63
28,39
28,41
28,63
30,45
30,47
30,53
30,55
30,63
32,49
32,53
32,61
32,63
34,51
34,53
36,51
36,55
"F",198,10207,10246
1,63
3,63
5,47
5,51
5,57
5,63
7,49
7,53
7,63
9,43
9,49
9,51
9,63
11,43
11,63
13,43
13,63
15,41
15,63
17,39
17,63
19,37
19,63
21,63
23,37
23,63
25,43
25,63
27,49
27,55
27,57
27,59
27,63
29,51
29,61
29,63
31,51
31,55
33,53
33,55
"F",199,10247,10282
2,47
2,49
4,49
6,45
6,49
6,63
8,45
8,49
8,55
8,57
8,61
8,63
10,43
10,63
12,41
12,63
14,63
16,37
16,63
18,63
20,37
20,63
22,39
22,41
22,63
24,43
24,45
24,47
24,49
24,63
26,51
26,61
26,63
28,55
30,55
32,53
"F",200,10283,10318
1,63
3,45
3,61
3,63
5,43
5,47
5,61
5,63
7,41
7,51
7,53
7,55
7,57
7,59
7,61
7,63
9,63
11,63
13,39
13,63
15,37
15,63
17,63
19,37
19,41
19,43
19,45
19,47
19,63
21,39
21,49
21,63
23,53
23,61
23,63
25,51
"F",201,10319,10353
1,63
3,47
3,49
3,61
3,63
5,47
5,61
5,63
7,47
7,63
9,43
9,63
11,41
11,63
13,63
15,39
15,63
17,37
17,63
19,35
19,43
19,45
19,47
19,63
21,37
21,41
21,49
21,51
21,53
21,55
21,63
23,39
23,41
23,61
23,63
"F",202,10354,10388
2,61
2,63
4,61
4,63
6,49
6,51
6,53
6,55
6,57
6,63
8,45
8,63
10,41
10,63
12,39
12,63
14,39
14,63
16,63
18,37
18,63
20,35
20,49
20,51
20,53
20,63
22,37
22,55
22,57
22,59
22,63
24,39
24,41
24,61
24,63
"F",203,10389,10420
2,63
4,61
4,63
6,51
6,53
6,55
6,57
6,59
6,61
6,63
8,45
8,63
10,41
10,63
12,39
12,63
14,39
14,63
16,39
16,63
18,39
18,63
20,37
20,63
22,63
24,37
24,51
24,57
24,61
24,63
26,41
26,45
"F",204,10421,10480
1,41
1,43
1,45
3,39
3,47
5,37
5,43
5,45
5,47
7,35
7,41
9,41
11,33
11,41
13,21
13,33
13,41
15,19
15,21
15,33
15,43
15,61
17,17
17,21
17,45
17,57
17,63
19,17
19,21
19,31
19,49
19,51
19,61
21,19
21,23
21,29
21,55
21,57
21,59
23,19
23,25
23,27
25,19
25,53
27,17
27,49
27,51
29,17
29,45
29,47
31,19
31,43
33,21
33,39
33,41
35,23
37,33
39,27
39,29
39,31
"F",205,10481,10537
2,37
4,35
6,39
8,33
8,39
10,33
10,41
14,31
16,31
16,41
18,39
20,27
22,25
24,25
26,25
26,39
26,61
28,23
28,41
28,57
28,63
30,39
30,49
30,51
30,61
32,39
32,43
32,45
32,55
32,57
32,59
34,21
36,21
36,53
38,19
38,49
38,51
40,45
40,47
42,19
42,33
42,35
42,43
44,21
44,37
44,39
44,41
46,21
46,31
48,23
52,23
54,23
56,27
58,23
60,23
60,27
62,25
"F",206,10538,10593
3,43
3,45
5,31
5,45
7,31
9,31
9,43
11,43
15,25
15,41
17,23
17,41
19,23
19,39
23,21
23,37
25,21
27,37
29,19
29,37
29,47
29,49
29,53
29,55
29,63
31,19
31,37
31,39
31,45
31,59
31,61
33,17
33,43
33,45
33,55
35,51
35,53
37,29
37,33
37,49
39,17
39,29
39,35
39,45
39,47
41,23
41,25
41,31
41,37
41,43
43,29
43,39
43,41
45,33
47,33
49,31
"F",207,10594,10655
1,41
3,39
3,41
5,37
7,37
9,33
9,35
11,31
13,31
15,29
15,31
17,27
19,27
19,39
21,25
21,27
21,39
23,23
25,37
27,37
29,21
29,37
29,47
29,49
29,53
29,55
29,63
31,21
31,37
31,39
31,45
31,59
31,61
33,17
33,19
33,43
33,45
33,55
35,51
35,53
37,29
37,33
37,49
39,17
39,29
39,35
39,45
39,47
41,23
41,25
41,31
41,37
41,43
43,29
43,33
43,39
43,41
45,31
45,33
47,31
49,31
49,33
"F",208,10656,10719
3,11
5,13
7,15
9,9
9,17
11,9
11,19
15,21
17,9
19,23
23,25
23,33
23,35
23,37
25,25
25,31
25,39
25,51
25,53
25,55
27,9
27,25
27,29
27,37
27,49
27,57
29,9
29,27
29,29
29,35
29,49
29,53
31,9
31,39
31,49
31,55
31,61
33,11
33,41
33,47
33,59
33,61
35,43
35,45
35,55
35,57
37,29
37,33
37,55
39,13
39,35
39,39
39,41
39,53
41,13
41,15
41,17
41,19
41,25
41,27
41,43
41,45
41,51
43,49
"F",209,10720,10796
1,3
3,1
3,5
5,1
5,7
7,1
7,9
9,1
9,11
11,1
11,13
13,1
13,15
15,1
15,17
15,57
15,59
15,63
17,21
17,31
17,35
17,55
17,61
19,3
19,21
19,29
19,35
19,49
19,51
19,55
19,59
21,5
21,23
21,25
21,27
21,35
21,45
21,53
21,57
23,7
23,35
23,57
25,7
25,39
25,41
25,43
27,9
27,55
29,9
31,9
31,51
31,53
33,9
33,33
33,35
33,45
35,9
35,31
35,39
35,43
37,29
37,41
39,11
39,13
39,29
41,19
41,21
41,23
41,29
43,25
43,29
45,29
47,29
49,25
51,27
55,25
55,27
"F",210,10797,10874
1,3
3,1
3,5
5,1
5,7
7,1
7,9
9,1
9,11
11,1
11,13
13,1
13,15
15,1
15,17
15,57
15,59
15,63
17,19
17,55
17,61
19,3
19,21
19,29
19,31
19,35
19,49
19,51
19,55
19,59
21,5
21,23
21,27
21,37
21,45
21,53
21,57
23,7
23,25
23,37
23,57
25,7
25,41
25,43
27,9
27,55
29,9
31,9
31,51
31,53
33,9
33,45
35,9
35,43
37,39
37,41
39,11
39,13
39,37
41,19
41,21
41,23
41,37
43,31
43,37
45,33
47,35
47,39
49,37
49,41
51,39
51,43
53,41
53,45
55,43
55,47
57,43
57,45
"F",211,10875,10942
2,1
4,3
6,5
8,7
10,9
12,11
14,1
14,3
14,13
16,15
16,59
16,61
18,5
18,17
18,27
18,29
18,55
18,63
20,5
20,19
20,31
20,49
20,51
20,53
20,55
20,59
22,5
22,21
22,27
22,35
22,47
24,5
24,23
24,27
24,37
24,39
24,57
26,9
26,11
26,25
26,27
26,43
26,45
28,11
28,55
32,11
32,33
32,37
32,47
32,49
32,51
32,53
34,15
34,17
34,39
34,47
36,21
36,33
36,41
36,45
38,27
38,29
38,35
38,43
40,33
42,37
44,37
46,35
"F",212,10943,11016
2,3
2,5
4,7
6,1
6,9
8,1
8,11
10,1
10,13
12,3
12,5
12,15
14,17
14,19
14,61
14,63
16,21
16,29
16,31
16,33
16,35
16,57
16,65
18,23
18,51
18,53
18,55
18,57
18,61
20,7
20,25
20,29
20,37
20,49
22,9
22,27
22,29
22,39
22,41
22,59
24,13
24,15
24,45
24,47
26,57
28,13
28,17
30,13
30,35
30,39
30,49
30,51
30,53
30,55
32,15
32,19
32,21
32,41
32,49
34,23
34,35
34,43
34,47
36,29
36,31
36,37
36,45
38,35
38,39
40,37
40,39
42,37
44,37
44,39
"F",213,11017,11070
2,55
2,59
4,41
4,43
4,47
4,49
4,53
4,59
6,39
6,57
8,37
8,53
10,51
10,63
10,65
12,29
12,31
12,51
12,61
12,65
14,31
14,37
14,51
14,59
14,63
14,65
16,27
16,37
16,57
16,61
18,33
18,51
18,53
18,55
20,27
20,59
22,29
22,31
22,33
24,33
24,63
24,65
26,31
26,65
28,31
30,33
30,65
32,35
32,37
32,57
32,63
32,65
34,51
34,65
"F",214,11071,11119
3,47
3,49
3,55
3,59
5,45
5,53
5,57
5,59
7,43
7,57
9,29
9,31
9,35
9,37
9,39
9,41
9,43
9,57
11,27
11,57
13,27
15,27
15,59
15,65
17,23
17,61
17,63
17,65
19,21
19,65
21,21
21,57
21,59
21,65
23,23
23,53
23,61
23,63
23,65
25,23
25,49
25,51
27,25
27,27
27,43
27,45
29,29
29,37
29,39
"F",215,11120,11161
2,53
2,55
2,57
4,51
4,59
6,49
6,61
8,47
8,65
10,41
10,43
10,45
10,63
10,65
12,41
12,65
14,31
14,33
14,35
14,41
14,65
16,25
16,27
16,29
16,65
18,23
18,61
22,23
22,61
24,61
26,25
26,53
26,55
28,29
28,49
30,31
30,33
30,35
30,37
30,39
30,41
30,43
"F",216,11162,11199
1,63
1,65
3,49
3,61
3,65
5,47
5,65
7,65
9,45
9,65
11,45
11,65
13,39
13,41
13,45
13,63
13,65
15,35
15,37
15,43
15,53
17,27
17,29
17,31
17,53
19,25
23,25
25,27
27,29
27,47
27,49
29,31
29,39
29,41
29,49
29,51
31,33
31,35
"F",217,11200,11254
1,49
1,51
3,49
3,53
5,53
7,49
7,55
7,59
7,61
9,45
9,47
9,55
9,59
9,63
11,39
11,51
11,59
11,65
13,39
13,51
13,53
13,55
13,65
15,39
15,63
17,65
19,41
19,65
21,37
21,53
21,55
21,57
21,59
21,61
23,31
23,33
25,25
25,51
27,23
27,51
29,23
29,51
31,25
31,51
33,27
33,51
35,29
35,41
35,43
35,45
35,51
37,31
37,35
37,37
37,49
"F",218,11255,11296
1,59
3,61
5,39
5,43
5,59
5,63
7,45
7,57
7,59
7,65
9,39
9,63
11,63
13,41
15,39
15,41
15,63
17,35
17,37
19,27
19,29
19,51
21,25
21,51
23,23
23,51
25,23
25,51
27,25
27,27
27,51
29,29
29,45
29,47
29,51
31,31
31,37
31,39
31,41
31,49
31,51
33,33
"F",219,11297,11341
1,59
3,61
5,39
5,43
5,59
5,63
7,39
7,45
7,57
7,59
7,65
9,39
9,63
11,41
11,61
13,41
13,65
15,41
15,65
17,39
17,53
17,55
17,57
17,59
17,61
19,31
19,33
19,35
21,27
21,51
23,25
23,51
25,51
27,25
27,51
29,29
29,51
31,31
31,43
31,45
31,51
33,33
33,35
33,37
33,49
"F",220,11342,11375
2,63
4,65
6,45
6,47
6,49
6,51
6,53
6,55
6,57
6,65
8,65
10,43
12,29
12,31
12,39
12,41
12,63
14,27
14,33
14,35
14,53
16,27
16,53
18,29
18,53
20,31
20,53
22,33
22,37
22,39
22,41
22,43
22,51
24,35
"F",221,11376,11444
2,11
2,15
4,13
4,21
4,23
4,25
4,55
6,15
6,27
6,29
6,31
6,33
6,35
6,53
6,59
6,61
8,17
8,53
8,57
8,61
10,19
10,37
10,43
10,53
12,21
12,39
12,45
12,53
14,23
14,47
14,53
14,63
16,25
16,49
16,51
16,59
18,15
18,17
18,19
18,21
18,23
18,25
18,61
18,63
20,13
20,65
22,15
22,17
22,57
22,61
22,65
24,19
24,21
24,41
24,45
24,55
24,63
26,23
26,25
26,39
26,45
26,53
28,29
28,31
28,33
28,49
28,51
30,37
30,39
"F",222,11445,11510
2,13
2,15
4,15
4,19
4,21
6,23
6,25
6,55
8,17
8,27
8,29
8,31
8,33
8,35
8,53
8,59
8,61
10,37
10,53
10,57
10,61
12,19
12,45
12,53
14,21
14,39
14,43
14,53
16,23
16,47
16,53
16,63
18,13
18,15
18,17
18,19
18,49
18,51
18,59
20,15
20,61
20,63
22,17
22,65
24,19
24,57
24,61
24,65
26,21
26,39
26,41
26,45
26,55
26,63
28,25
28,37
28,45
28,53
30,29
30,31
30,33
30,37
30,49
30,51
32,35
32,37
"F",223,11511,11562
1,39
3,37
5,37
5,41
7,37
7,41
9,37
9,43
9,55
11,37
11,47
11,53
11,59
11,61
13,37
13,53
13,57
13,61
15,37
15,49
15,53
17,49
17,53
19,53
19,63
21,39
21,59
23,35
23,39
23,61
23,63
25,39
25,65
27,33
27,37
27,39
27,57
27,61
27,65
29,33
29,55
29,63
31,53
33,35
33,43
33,49
33,51
35,35
37,37
37,39
37,41
37,43
"F",224,11563,11602
1,53
3,53
3,55
5,45
5,47
5,51
5,55
7,47
7,49
7,55
9,53
11,43
11,53
13,53
15,41
15,51
15,53
17,41
17,51
17,53
19,39
19,55
21,39
23,37
23,57
25,59
27,37
27,39
27,61
29,63
31,41
31,57
31,59
31,61
31,63
31,65
33,43
33,49
33,51
33,53
"F",225,11603,11652
1,31
3,29
3,35
3,37
5,29
5,33
5,37
5,63
5,65
7,29
7,47
7,59
7,61
7,63
9,29
9,39
9,41
9,45
9,49
9,51
9,53
9,55
9,61
11,29
11,59
13,27
13,57
15,25
15,55
17,55
19,21
19,23
19,59
19,61
21,21
21,31
21,59
21,61
23,21
23,29
23,35
23,37
23,53
23,55
25,25
25,27
25,39
25,45
25,47
25,49
"F",226,11653,11693
2,31
2,33
2,37
4,33
4,35
4,47
4,61
6,39
6,45
6,57
6,59
6,63
8,41
8,43
8,61
10,59
12,29
12,55
12,57
14,27
14,53
16,25
16,51
18,25
18,53
20,23
20,59
22,59
24,23
24,25
24,29
24,31
24,51
24,53
24,55
26,27
26,31
26,33
26,35
26,37
26,47
