"F",1,1,0
0,0
"F",2,1,16
3,9
3,10
4,8
5,8
6,7
7,7
8,6
9,6
10,5
11,5
12,4
13,4
14,3
15,3
16,2
17,2
"F",3,17,95
1,10
2,10
3,10
4,10
5,11
6,11
8,11
10,9
14,6
15,9
16,7
16,9
18,9
18,11
20,9
20,11
21,8
22,13
23,4
23,14
24,5
24,7
24,13
26,13
27,6
28,7
28,13
29,7
29,14
29,17
30,13
30,17
31,1
31,8
32,9
32,13
32,17
34,3
34,9
34,13
34,17
35,15
36,5
36,9
36,18
38,5
38,18
39,18
40,18
42,7
42,19
44,19
46,9
46,19
48,4
48,19
50,5
50,9
50,19
52,7
52,19
54,7
54,19
56,9
56,19
58,9
58,19
60,11
60,18
62,8
62,11
63,18
64,11
64,17
64,18
66,17
67,11
68,13
70,15
"F",4,96,159
1,11
2,11
4,11
6,11
8,5
8,11
8,13
9,14
10,11
12,11
14,11
16,2
16,11
16,13
16,19
18,12
18,13
19,12
20,5
20,13
20,17
20,18
21,18
22,12
23,18
24,18
25,12
26,18
27,12
28,9
28,13
28,17
28,18
30,13
30,17
32,13
32,17
33,5
34,13
34,17
36,8
36,13
36,17
38,13
38,17
40,14
40,17
42,11
42,14
42,17
44,14
44,17
45,14
45,17
46,14
46,15
47,9
47,16
48,15
48,16
49,16
50,15
51,15
52,16
"F",5,160,216
1,13
2,13
3,13
4,13
6,12
6,13
9,12
11,12
34,8
34,11
36,3
36,8
36,9
38,5
38,9
40,9
41,7
42,7
42,9
44,3
44,7
44,9
46,3
46,4
46,7
47,6
47,8
48,3
48,4
49,4
49,6
49,8
50,3
51,8
52,3
53,8
54,2
54,3
54,7
56,4
56,7
57,4
58,4
58,7
60,4
60,7
60,8
61,8
62,3
62,5
63,7
64,5
64,9
66,5
66,6
68,5
70,11
"F",6,217,258
1,14
2,14
4,14
6,13
6,14
8,13
10,13
11,13
33,8
34,12
36,3
38,7
41,11
44,9
44,11
46,11
48,5
48,7
48,11
50,5
50,10
52,5
53,10
54,3
54,5
54,10
56,5
56,10
58,9
60,9
62,5
62,7
62,9
64,5
64,7
64,9
64,11
66,7
68,7
70,7
70,11
72,7
"F",7,259,283
1,14
2,14
4,14
6,13
6,14
7,13
9,13
11,13
34,8
36,12
37,3
40,7
48,8
55,3
61,9
62,4
62,6
62,8
64,8
64,10
65,5
66,6
66,12
67,7
72,12
"F",8,284,304
1,12
2,12
4,12
6,11
6,12
8,11
10,11
11,11
36,9
37,1
40,4
45,6
49,5
55,1
62,5
63,2
64,6
65,7
66,3
66,9
67,4
"F",9,305,313
1,3
2,7
6,2
15,3
29,2
30,4
32,7
33,2
38,7
"F",10,314,327
2,9
3,10
4,9
5,8
6,7
8,7
9,6
10,5
12,5
13,4
14,3
16,2
16,3
17,2
"F",11,328,395
1,2
3,3
3,4
5,4
5,5
8,1
9,2
13,6
15,2
15,6
17,4
17,8
19,6
19,10
19,12
19,17
20,18
21,8
22,2
22,20
23,4
23,6
23,10
23,14
24,22
25,8
25,16
25,22
27,10
27,18
27,24
29,26
30,7
31,10
31,28
33,12
33,28
34,14
35,16
35,30
37,18
37,32
38,9
38,12
38,16
39,12
39,14
39,32
40,15
41,18
41,34
42,19
42,20
43,22
43,24
45,26
45,28
45,36
47,22
47,24
47,26
47,28
47,37
49,38
50,31
50,33
51,36
51,38
"F",12,396,423
1,9
3,10
5,11
6,1
7,12
8,3
9,13
10,5
10,6
11,14
12,7
12,8
13,15
14,8
14,10
16,10
16,12
16,16
17,12
17,17
18,14
19,14
20,16
20,18
21,17
22,18
22,19
24,20
"F",13,424,431
1,2
3,2
5,2
6,1
6,2
8,1
10,1
12,1
"F",14,432,439
1,2
3,2
5,2
6,1
6,2
8,1
10,1
12,1
"F",15,440,447
1,2
3,2
5,2
6,1
6,2
8,1
10,1
12,1
"F",16,448,455
1,2
3,2
5,2
6,1
6,2
8,1
10,1
12,1
"F",17,456,469
2,9
3,10
4,9
5,8
6,7
8,7
9,6
10,5
12,5
13,4
14,3
16,2
16,3
17,2
"F",18,470,544
1,10
3,10
5,10
6,11
7,10
8,11
9,10
10,9
14,6
16,7
16,9
18,9
18,11
20,9
20,11
22,8
22,13
23,4
24,5
24,7
24,13
26,6
26,13
28,7
28,13
30,13
30,17
31,1
32,9
32,13
32,17
33,2
34,3
34,9
34,13
34,17
35,18
36,5
36,9
37,18
38,5
39,18
41,18
42,7
42,19
44,19
46,9
46,19
48,4
48,19
50,5
50,9
50,19
52,7
52,19
54,7
54,19
56,9
56,19
58,9
58,19
60,11
60,18
62,8
62,11
62,18
64,10
64,11
64,17
66,17
67,11
68,13
68,16
70,14
70,15
"F",19,545,570
1,5
3,6
4,5
5,5
6,6
7,5
8,4
8,6
10,4
10,6
12,4
13,1
14,4
15,1
16,4
17,1
18,2
18,4
19,1
20,2
20,4
22,2
23,3
24,2
25,3
26,2
"F",20,571,578
1,2
3,2
5,2
6,1
6,2
8,1
10,1
12,1
"F",21,579,586
1,2
3,2
5,2
6,1
6,2
8,1
10,1
12,1
"F",22,587,594
1,2
3,2
5,2
6,1
6,2
8,1
10,1
12,1
"F",23,595,602
1,2
3,2
5,2
6,1
6,2
8,1
10,1
12,1
"F",24,603,618
3,9
3,10
4,8
5,8
6,7
7,7
8,6
9,6
10,5
11,5
12,4
13,4
14,3
15,3
16,2
17,2
"F",25,619,693
1,10
3,10
5,10
6,11
7,10
8,11
9,10
10,9
14,6
16,7
16,9
18,9
18,11
20,9
20,11
22,8
22,13
23,4
24,5
24,7
24,13
26,6
26,13
28,7
28,13
30,13
30,17
31,1
32,9
32,13
32,17
33,2
34,3
34,9
34,13
34,17
35,18
36,5
36,9
37,18
38,5
39,18
41,18
42,7
42,19
44,19
46,9
46,19
48,4
48,19
50,5
50,9
50,19
52,7
52,19
54,7
54,19
56,9
56,19
58,9
58,19
60,11
60,18
62,8
62,11
62,18
64,10
64,11
64,17
66,17
67,11
68,13
68,16
70,14
70,15
"F",26,694,719
1,5
3,6
4,5
5,5
6,6
7,5
8,4
8,6
10,4
10,6
12,4
13,1
14,4
15,1
16,4
17,1
18,2
18,4
19,1
20,2
20,4
22,2
23,3
24,2
25,3
26,2
"F",27,720,727
1,2
3,2
5,2
6,1
6,2
8,1
10,1
12,1
"F",28,728,735
1,2
3,2
5,2
6,1
6,2
8,1
10,1
12,1
"F",29,736,751
3,9
3,10
4,8
5,8
6,7
7,7
8,6
9,6
10,5
11,5
12,4
13,4
14,3
15,3
16,2
17,2
"F",30,752,819
1,2
3,3
3,4
5,4
5,5
8,1
9,2
13,6
15,2
15,6
17,4
17,8
19,6
19,10
19,12
19,17
20,18
21,8
22,2
22,20
23,4
23,6
23,10
23,14
24,22
25,8
25,16
25,22
27,10
27,18
27,24
29,26
30,7
31,10
31,28
33,12
33,28
34,14
35,16
35,30
37,18
37,32
38,9
38,12
38,16
39,12
39,14
39,32
40,15
41,18
41,34
42,19
42,20
43,22
43,24
45,26
45,28
45,36
47,22
47,24
47,26
47,28
47,37
49,38
50,31
50,33
51,36
51,38
"F",31,820,847
1,9
3,10
5,11
6,1
7,12
8,3
9,13
10,5
10,6
11,14
12,7
12,8
13,15
14,8
14,10
16,10
16,12
16,16
17,12
17,17
18,14
19,14
20,16
20,18
21,17
22,18
22,19
24,20
"F",32,848,875
1,9
3,10
5,11
6,1
7,12
8,3
9,13
10,5
10,6
11,14
12,7
12,8
13,15
14,8
14,10
16,10
16,12
16,16
17,12
17,17
18,14
19,14
20,16
20,18
21,17
22,18
22,19
24,20
"F",33,876,903
1,9
3,10
5,11
6,1
7,12
8,3
9,13
10,5
10,6
11,14
12,7
12,8
13,15
14,8
14,10
16,10
16,12
16,16
17,12
17,17
18,14
19,14
20,16
20,18
21,17
22,18
22,19
24,20
"F",34,904,919
3,9
3,10
4,8
5,8
6,7
7,7
8,6
9,6
10,5
11,5
12,4
13,4
14,3
15,3
16,2
17,2
"F",35,920,994
1,10
3,10
5,10
6,11
7,10
8,11
9,10
10,9
14,6
16,7
16,9
18,9
18,11
20,9
20,11
22,8
22,13
23,4
24,5
24,7
24,13
26,6
26,13
28,7
28,13
30,13
30,17
31,1
32,9
32,13
32,17
33,2
34,3
34,9
34,13
34,17
35,18
36,5
36,9
37,18
38,5
39,18
41,18
42,7
42,19
44,19
46,9
46,19
48,4
48,19
50,5
50,9
50,19
52,7
52,19
54,7
54,19
56,9
56,19
58,9
58,19
60,11
60,18
62,8
62,11
62,18
64,10
64,11
64,17
66,17
67,11
68,13
68,16
70,14
70,15
"F",36,995,1020
1,5
3,6
4,5
5,5
6,6
7,5
8,4
8,6
10,4
10,6
12,4
13,1
14,4
15,1
16,4
17,1
18,2
18,4
19,1
20,2
20,4
22,2
23,3
24,2
25,3
26,2
"F",37,1021,1046
1,5
3,6
4,5
5,5
6,6
7,5
8,4
8,6
10,4
10,6
12,4
13,1
14,4
15,1
16,4
17,1
18,2
18,4
19,1
20,2
20,4
22,2
23,3
24,2
25,3
26,2
"F",38,1047,1072
1,5
3,6
4,5
5,5
6,6
7,5
8,4
8,6
10,4
10,6
12,4
13,1
14,4
15,1
16,4
17,1
18,2
18,4
19,1
20,2
20,4
22,2
23,3
24,2
25,3
26,2